Time,Price
2022-05-02 11:15:05,815.6
2022-05-02 11:15:16,816
2022-05-02 11:15:25,816.3
2022-05-02 11:15:34,817.4
2022-05-02 11:15:43,818
2022-05-02 11:16:20,822.05
2022-05-02 11:16:28,822.2
2022-05-02 11:16:36,821.3
2022-05-02 11:17:19,820.8
2022-05-02 11:17:26,820.25
2022-05-02 11:17:34,820.05
2022-05-02 11:17:41,820.05
2022-05-02 11:18:14,820.45
2022-05-02 11:18:21,820.55
2022-05-02 11:18:28,820.05
2022-05-02 11:18:35,820.6
2022-05-02 11:18:42,820.55
2022-05-02 11:19:16,819.7
2022-05-02 11:19:23,820.1
2022-05-02 11:19:30,819.7
2022-05-02 11:19:36,819.9
2022-05-02 11:19:43,819.6
2022-05-02 11:20:17,818.4
2022-05-02 11:20:24,818.8
2022-05-02 11:20:30,818.25
2022-05-02 11:20:37,818.5
2022-05-02 11:21:17,818.85
2022-05-02 11:21:24,819.25
2022-05-02 11:21:30,820.4
2022-05-02 11:21:36,820.65
2022-05-02 11:21:43,820.85
2022-05-02 11:22:16,818.4
2022-05-02 11:22:23,818.5
2022-05-02 11:22:30,817.3
2022-05-02 11:22:36,817.3
2022-05-02 11:22:43,817.15
2022-05-02 11:23:16,818.15
2022-05-02 11:23:22,818.15
2022-05-02 11:23:29,818.5
2022-05-02 11:23:35,818.35
2022-05-02 11:23:42,818.35
2022-05-02 11:23:48,817.65
2022-05-02 11:23:54,817.2
2022-05-02 11:24:01,817.8
2022-05-02 11:24:07,818.35
2022-05-02 11:24:13,817.75
2022-05-02 11:24:46,818.75
2022-05-02 11:24:52,819.25
2022-05-02 11:24:59,819.25
2022-05-02 11:25:05,818.9
2022-05-02 11:25:09,817.8
2022-05-02 11:25:10,817.8
2022-05-02 11:25:11,818.3
2022-05-02 11:25:12,818.3
2022-05-02 11:25:13,818.3
2022-05-02 11:25:14,818.3
2022-05-02 11:25:15,818.5
2022-05-02 11:25:16,818.75
2022-05-02 11:25:17,818.75
2022-05-02 11:25:18,818.9
2022-05-02 11:25:19,818.9
2022-05-02 11:25:20,818.9
2022-05-02 11:25:21,818.9
2022-05-02 11:25:22,818.9
2022-05-02 11:25:23,819.2
2022-05-02 11:25:24,819.2
2022-05-02 11:25:25,819.25
2022-05-02 11:25:26,819.25
2022-05-02 11:25:27,819.25
2022-05-02 11:25:28,819.25
2022-05-02 11:25:30,818.75
2022-05-02 11:25:31,818.75
2022-05-02 11:25:32,818.75
2022-05-02 11:25:33,818.75
2022-05-02 11:25:34,818.75
2022-05-02 11:25:35,818.75
2022-05-02 11:25:37,818.75
2022-05-02 11:25:38,818.65
2022-05-02 11:25:39,818.65
2022-05-02 11:25:41,818.65
2022-05-02 11:25:42,818.65
2022-05-02 11:25:43,818.65
2022-05-02 11:26:14,818.2
2022-05-02 11:26:15,818.2
2022-05-02 11:26:16,818.65
2022-05-02 11:26:17,818.1
2022-05-02 11:26:18,818.15
2022-05-02 11:26:19,818.15
2022-05-02 11:26:20,818.75
2022-05-02 11:26:21,818.75
2022-05-02 11:26:23,818.75
2022-05-02 11:26:25,818.3
2022-05-02 11:26:26,818.3
2022-05-02 11:26:27,818.3
2022-05-02 11:26:28,818
2022-05-02 11:26:29,818
2022-05-02 11:26:30,818
2022-05-02 11:26:31,818
2022-05-02 11:26:32,818
2022-05-02 11:26:34,817.95
2022-05-02 11:26:35,817.95
2022-05-02 11:26:37,817.65
2022-05-02 11:26:39,817.65
2022-05-02 11:26:40,817.4
2022-05-02 11:26:41,817.4
2022-05-02 11:26:42,817.4
2022-05-02 11:26:43,817.15
2022-05-02 11:26:44,817.15
2022-05-02 11:26:45,817
2022-05-02 11:26:46,817
2022-05-02 11:26:47,816.5
2022-05-02 11:26:48,816.5
2022-05-02 11:26:49,816.05
2022-05-02 11:26:50,816.05
2022-05-02 11:26:51,816.05
2022-05-02 11:26:52,816
2022-05-02 11:26:53,815.8
2022-05-02 11:26:54,815.8
2022-05-02 11:26:55,815.8
2022-05-02 11:26:56,815.8
2022-05-02 11:26:57,815.8
2022-05-02 11:26:58,816.35
2022-05-02 11:26:59,816.35
2022-05-02 11:27:00,816.05
2022-05-02 11:27:01,816.05
2022-05-02 11:27:02,816.05
2022-05-02 11:27:03,816.45
2022-05-02 11:27:04,816.45
2022-05-02 11:27:05,816.45
2022-05-02 11:27:06,816.1
2022-05-02 11:27:07,816.1
2022-05-02 11:27:08,816.1
2022-05-02 11:27:09,816
2022-05-02 11:27:10,816
2022-05-02 11:27:11,816
2022-05-02 11:27:12,816.1
2022-05-02 11:27:13,816.1
2022-05-02 11:27:44,816.85
2022-05-02 11:27:45,817.15
2022-05-02 11:27:46,817.15
2022-05-02 11:27:47,817.15
2022-05-02 11:27:48,817.15
2022-05-02 11:27:49,817.15
2022-05-02 11:27:50,817.2
2022-05-02 11:27:51,817.2
2022-05-02 11:27:52,817.2
2022-05-02 11:27:53,817.2
2022-05-02 11:27:54,817.2
2022-05-02 11:27:55,817.2
2022-05-02 11:27:56,816.95
2022-05-02 11:27:57,816.95
2022-05-02 11:27:58,817.25
2022-05-02 11:27:59,817.25
2022-05-02 11:28:00,816.65
2022-05-02 11:28:01,816.65
2022-05-02 11:28:02,817.1
2022-05-02 11:28:03,817.1
2022-05-02 11:28:04,817.25
2022-05-02 11:28:05,817.25
2022-05-02 11:28:06,817.25
2022-05-02 11:28:07,817.25
2022-05-02 11:28:08,817.25
2022-05-02 11:28:09,817.25
2022-05-02 11:28:10,817.9
2022-05-02 11:28:11,817.9
2022-05-02 11:28:12,817.9
2022-05-02 11:28:13,817.9
2022-05-02 11:28:14,817.95
2022-05-02 11:28:15,817.95
2022-05-02 11:28:16,817.9
2022-05-02 11:28:17,817.9
2022-05-02 11:28:18,818
2022-05-02 11:28:19,818
2022-05-02 11:28:20,817.65
2022-05-02 11:28:21,817.65
2022-05-02 11:28:22,818
2022-05-02 11:28:23,818
2022-05-02 11:28:24,817.4
2022-05-02 11:28:25,817.4
2022-05-02 11:28:26,816.85
2022-05-02 11:28:28,817.2
2022-05-02 11:28:29,816.75
2022-05-02 11:28:30,816.75
2022-05-02 11:28:31,816.75
2022-05-02 11:28:32,816.75
2022-05-02 11:28:33,816.75
2022-05-02 11:28:34,816.7
2022-05-02 11:28:35,816.7
2022-05-02 11:28:36,816.7
2022-05-02 11:28:37,816.7
2022-05-02 11:28:38,816.7
2022-05-02 11:28:39,816.7
2022-05-02 11:28:40,816.7
2022-05-02 11:28:41,816.7
2022-05-02 11:28:42,816.65
2022-05-02 11:28:43,816.25
2022-05-02 11:28:44,816.2
2022-05-02 11:28:45,816.75
2022-05-02 11:28:46,816.75
2022-05-02 11:28:47,816.75
2022-05-02 11:28:48,816.75
2022-05-02 11:28:49,816.75
2022-05-02 11:28:50,816.75
2022-05-02 11:28:51,816.75
2022-05-02 11:28:52,816.75
2022-05-02 11:28:53,816.75
2022-05-02 11:28:54,816.75
2022-05-02 11:28:55,816.7
2022-05-02 11:28:56,816.7
2022-05-02 11:28:57,816.7
2022-05-02 11:28:58,816.7
2022-05-02 11:28:59,816.7
2022-05-02 11:29:00,816.5
2022-05-02 11:29:01,816.5
2022-05-02 11:29:02,816.5
2022-05-02 11:29:03,816.5
2022-05-02 11:29:04,816.5
2022-05-02 11:29:05,816.5
2022-05-02 11:29:06,816.5
2022-05-02 11:29:07,816.5
2022-05-02 11:29:08,816.5
2022-05-02 11:29:09,816.5
2022-05-02 11:29:10,816.1
2022-05-02 11:29:11,816.1
2022-05-02 11:29:12,816.4
2022-05-02 11:29:13,815.65
2022-05-02 11:29:15,815.65
2022-05-02 11:29:16,815.25
2022-05-02 11:29:17,815.75
2022-05-02 11:29:18,815.05
2022-05-02 11:29:19,815.05
2022-05-02 11:29:20,815.65
2022-05-02 11:29:21,815.65
2022-05-02 11:29:22,815.15
2022-05-02 11:29:23,815.15
2022-05-02 11:29:24,815.15
2022-05-02 11:29:25,815.15
2022-05-02 11:29:26,815.15
2022-05-02 11:29:27,815.2
2022-05-02 11:29:28,815.2
2022-05-02 11:29:29,815.2
2022-05-02 11:29:30,815.2
2022-05-02 11:29:31,815.2
2022-05-02 11:29:32,815.05
2022-05-02 11:29:33,815.1
2022-05-02 11:29:35,815.1
2022-05-02 11:29:36,815.55
2022-05-02 11:29:37,815.05
2022-05-02 11:29:38,815.5
2022-05-02 11:29:39,815.5
2022-05-02 11:29:41,815.1
2022-05-02 11:29:42,815.1
2022-05-02 11:29:43,815.1
2022-05-02 11:30:18,813.25
2022-05-02 11:30:25,814.5
2022-05-02 11:30:31,814.85
2022-05-02 11:30:37,814.95
2022-05-02 11:30:43,815
2022-05-02 11:31:18,814.9
2022-05-02 11:31:24,814.6
2022-05-02 11:31:29,814.65
2022-05-02 11:31:34,814.5
2022-05-02 11:31:40,814
2022-05-02 11:32:20,814.25
2022-05-02 11:32:25,813.55
2022-05-02 11:32:31,814.8
2022-05-02 11:32:37,816.7
2022-05-02 11:32:43,816.65
2022-05-02 11:33:16,817
2022-05-02 11:33:21,816.7
2022-05-02 11:33:26,817
2022-05-02 11:33:31,816.8
2022-05-02 11:33:37,817.6
2022-05-02 11:33:43,817.7
2022-05-02 11:34:14,817.9
2022-05-02 11:34:19,817.85
2022-05-02 11:34:25,817.25
2022-05-02 11:34:30,817.45
2022-05-02 11:34:36,818.75
2022-05-02 11:34:41,819.55
2022-05-02 11:34:47,820.15
2022-05-02 11:34:52,820.2
2022-05-02 11:34:58,820.95
2022-05-02 11:35:04,820.9
2022-05-02 11:35:09,820.9
2022-05-02 11:35:10,821.9
2022-05-02 11:35:11,822
2022-05-02 11:35:12,821.75
2022-05-02 11:35:14,821.95
2022-05-02 11:35:45,820.35
2022-05-02 11:35:46,820.35
2022-05-02 11:35:47,820.35
2022-05-02 11:35:48,820.35
2022-05-02 11:35:49,820
2022-05-02 11:35:50,820.4
2022-05-02 11:35:51,820.3
2022-05-02 11:35:52,820.3
2022-05-02 11:35:53,820
2022-05-02 11:35:54,819.8
2022-05-02 11:35:55,819.8
2022-05-02 11:35:56,819.8
2022-05-02 11:35:58,820.3
2022-05-02 11:35:59,819.8
2022-05-02 11:36:00,819.8
2022-05-02 11:36:01,819.8
2022-05-02 11:36:02,820
2022-05-02 11:36:03,819.8
2022-05-02 11:36:04,819.8
2022-05-02 11:36:05,819.5
2022-05-02 11:36:06,819.6
2022-05-02 11:36:07,819.6
2022-05-02 11:36:08,819.6
2022-05-02 11:36:09,819.05
2022-05-02 11:36:10,819.05
2022-05-02 11:36:11,819.05
2022-05-02 11:36:12,819.25
2022-05-02 11:36:13,819.25
2022-05-02 11:36:14,819.7
2022-05-02 11:36:15,819.7
2022-05-02 11:36:16,819.7
2022-05-02 11:36:17,819.7
2022-05-02 11:36:18,819.4
2022-05-02 11:36:19,819.4
2022-05-02 11:36:20,819.9
2022-05-02 11:36:21,820.4
2022-05-02 11:36:22,820.4
2022-05-02 11:36:23,820.4
2022-05-02 11:36:24,820.9
2022-05-02 11:36:25,820.25
2022-05-02 11:36:26,820.25
2022-05-02 11:36:27,820.25
2022-05-02 11:36:28,820.95
2022-05-02 11:36:29,820.25
2022-05-02 11:36:30,820.2
2022-05-02 11:36:31,820.2
2022-05-02 11:36:32,820.2
2022-05-02 11:36:33,820.2
2022-05-02 11:36:35,821
2022-05-02 11:36:36,821
2022-05-02 11:36:37,820.45
2022-05-02 11:36:38,820.75
2022-05-02 11:36:40,821.1
2022-05-02 11:36:41,820.75
2022-05-02 11:36:42,821.1
2022-05-02 11:36:43,821
2022-05-02 11:36:44,821
2022-05-02 11:37:15,822.65
2022-05-02 11:37:16,822.8
2022-05-02 11:37:17,822.8
2022-05-02 11:37:18,822.8
2022-05-02 11:37:20,823
2022-05-02 11:37:21,823
2022-05-02 11:37:22,822.5
2022-05-02 11:37:23,822.5
2022-05-02 11:37:24,822.55
2022-05-02 11:37:25,822.55
2022-05-02 11:37:26,822.8
2022-05-02 11:37:27,822.8
2022-05-02 11:37:28,823
2022-05-02 11:37:29,823.45
2022-05-02 11:37:30,823.35
2022-05-02 11:37:31,823
2022-05-02 11:37:33,823
2022-05-02 11:37:34,823
2022-05-02 11:37:35,823.75
2022-05-02 11:37:36,823.45
2022-05-02 11:37:37,823.45
2022-05-02 11:37:38,824
2022-05-02 11:37:39,824.05
2022-05-02 11:37:40,823.65
2022-05-02 11:37:41,823.65
2022-05-02 11:37:42,823.8
2022-05-02 11:37:43,823.8
2022-05-02 11:37:44,824.35
2022-05-02 11:38:14,824.05
2022-05-02 11:38:15,824.6
2022-05-02 11:38:16,824.6
2022-05-02 11:38:17,825
2022-05-02 11:38:19,824.6
2022-05-02 11:38:20,824.6
2022-05-02 11:38:21,824.95
2022-05-02 11:38:22,824.95
2022-05-02 11:38:23,825.1
2022-05-02 11:38:24,825.15
2022-05-02 11:38:25,824.65
2022-05-02 11:38:26,824.7
2022-05-02 11:38:27,824.7
2022-05-02 11:38:28,824.7
2022-05-02 11:38:29,825
2022-05-02 11:38:30,824.85
2022-05-02 11:38:31,825.1
2022-05-02 11:38:32,825.1
2022-05-02 11:38:33,824.7
2022-05-02 11:38:34,824.7
2022-05-02 11:38:35,825
2022-05-02 11:38:36,824.8
2022-05-02 11:38:37,824.8
2022-05-02 11:38:38,824.8
2022-05-02 11:38:39,824.8
2022-05-02 11:38:40,824.9
2022-05-02 11:38:41,824.95
2022-05-02 11:38:42,825.3
2022-05-02 11:39:15,825.8
2022-05-02 11:39:16,825.85
2022-05-02 11:39:18,825.85
2022-05-02 11:39:19,825.5
2022-05-02 11:39:20,825.6
2022-05-02 11:39:21,826
2022-05-02 11:39:22,825.6
2022-05-02 11:39:23,825.9
2022-05-02 11:39:24,825.6
2022-05-02 11:39:25,825.6
2022-05-02 11:39:26,825.6
2022-05-02 11:39:28,825.6
2022-05-02 11:39:29,825.35
2022-05-02 11:39:30,825.35
2022-05-02 11:39:31,825.9
2022-05-02 11:39:32,825.9
2022-05-02 11:39:33,825.9
2022-05-02 11:39:34,825.55
2022-05-02 11:39:35,825.55
2022-05-02 11:39:36,825.55
2022-05-02 11:39:37,825.45
2022-05-02 11:39:38,825.45
2022-05-02 11:39:39,825.7
2022-05-02 11:39:40,826.3
2022-05-02 11:39:41,825.7
2022-05-02 11:39:42,825.7
2022-05-02 11:39:43,825.95
2022-05-02 11:40:15,826.1
2022-05-02 11:40:16,826.5
2022-05-02 11:40:17,826.5
2022-05-02 11:40:18,826.5
2022-05-02 11:40:19,826.5
2022-05-02 11:40:20,826.65
2022-05-02 11:40:21,827
2022-05-02 11:40:22,827
2022-05-02 11:40:23,827.05
2022-05-02 11:40:24,827.05
2022-05-02 11:40:25,826.75
2022-05-02 11:40:26,827.15
2022-05-02 11:40:27,826.25
2022-05-02 11:40:28,826.8
2022-05-02 11:40:29,827.15
2022-05-02 11:40:30,826.6
2022-05-02 11:40:31,826.6
2022-05-02 11:40:32,826.45
2022-05-02 11:40:33,825.55
2022-05-02 11:40:34,825.55
2022-05-02 11:40:35,826.5
2022-05-02 11:40:36,826.5
2022-05-02 11:40:37,826.5
2022-05-02 11:40:38,825.8
2022-05-02 11:40:39,825.85
2022-05-02 11:40:40,825.85
2022-05-02 11:40:41,825.95
2022-05-02 11:40:42,825.95
2022-05-02 11:40:43,825.65
2022-05-02 11:40:44,825.5
2022-05-02 11:41:15,825.05
2022-05-02 11:41:16,825.05
2022-05-02 11:41:17,824.7
2022-05-02 11:41:18,824.7
2022-05-02 11:41:19,824.7
2022-05-02 11:41:20,824.7
2022-05-02 11:41:21,824.95
2022-05-02 11:41:22,824.7
2022-05-02 11:41:23,824.7
2022-05-02 11:41:24,824.8
2022-05-02 11:41:25,824.75
2022-05-02 11:41:26,824.75
2022-05-02 11:41:27,824.75
2022-05-02 11:41:28,824.75
2022-05-02 11:41:29,824.75
2022-05-02 11:41:30,824.95
2022-05-02 11:41:31,824.95
2022-05-02 11:41:32,824.95
2022-05-02 11:41:33,825
2022-05-02 11:41:34,825
2022-05-02 11:41:35,824.8
2022-05-02 11:41:36,824.8
2022-05-02 11:41:37,824.95
2022-05-02 11:41:38,825.15
2022-05-02 11:41:39,825.1
2022-05-02 11:41:40,825.1
2022-05-02 11:41:41,825.5
2022-05-02 11:41:42,825.7
2022-05-02 11:41:43,825.7
2022-05-02 11:41:44,825.7
2022-05-02 11:42:15,825.05
2022-05-02 11:42:16,825.05
2022-05-02 11:42:17,825.25
2022-05-02 11:42:18,825.05
2022-05-02 11:42:19,825.05
2022-05-02 11:42:20,824.7
2022-05-02 11:42:21,824.7
2022-05-02 11:42:22,825.1
2022-05-02 11:42:23,825.1
2022-05-02 11:42:24,825.05
2022-05-02 11:42:25,825.25
2022-05-02 11:42:26,825.3
2022-05-02 11:42:27,825.3
2022-05-02 11:42:28,825.3
2022-05-02 11:42:29,824.7
2022-05-02 11:42:30,824.7
2022-05-02 11:42:31,824
2022-05-02 11:42:32,824.5
2022-05-02 11:42:33,825.1
2022-05-02 11:42:34,825.05
2022-05-02 11:42:35,825.15
2022-05-02 11:42:36,825.4
2022-05-02 11:42:37,824.9
2022-05-02 11:42:38,824.9
2022-05-02 11:42:39,825.3
2022-05-02 11:42:40,825.3
2022-05-02 11:42:41,825.3
2022-05-02 11:42:42,824.8
2022-05-02 11:42:43,824.55
2022-05-02 11:42:44,825
2022-05-02 11:43:15,825.2
2022-05-02 11:43:16,825.3
2022-05-02 11:43:17,824.95
2022-05-02 11:43:18,825.05
2022-05-02 11:43:19,825
2022-05-02 11:43:20,825
2022-05-02 11:43:21,825
2022-05-02 11:43:22,825
2022-05-02 11:43:23,824.95
2022-05-02 11:43:24,824.95
2022-05-02 11:43:25,825.3
2022-05-02 11:43:26,825.3
2022-05-02 11:43:27,825.3
2022-05-02 11:43:28,825.3
2022-05-02 11:43:29,825.3
2022-05-02 11:43:30,825.3
2022-05-02 11:43:31,825
2022-05-02 11:43:32,824.9
2022-05-02 11:43:33,824.9
2022-05-02 11:43:34,825
2022-05-02 11:43:35,824.85
2022-05-02 11:43:36,824.85
2022-05-02 11:43:37,824.8
2022-05-02 11:43:38,825
2022-05-02 11:43:39,824.65
2022-05-02 11:43:40,824.65
2022-05-02 11:43:41,824.65
2022-05-02 11:43:42,824.65
2022-05-02 11:43:43,825
2022-05-02 11:43:44,825
2022-05-02 11:44:15,825.65
2022-05-02 11:44:16,825.65
2022-05-02 11:44:17,825.5
2022-05-02 11:44:18,825.45
2022-05-02 11:44:19,825.45
2022-05-02 11:44:20,825.45
2022-05-02 11:44:21,825.45
2022-05-02 11:44:22,825.45
2022-05-02 11:44:23,825.1
2022-05-02 11:44:24,825.1
2022-05-02 11:44:25,825.1
2022-05-02 11:44:26,825.1
2022-05-02 11:44:27,825.1
2022-05-02 11:44:28,825.1
2022-05-02 11:44:29,825.45
2022-05-02 11:44:30,825.5
2022-05-02 11:44:31,825.5
2022-05-02 11:44:32,825.95
2022-05-02 11:44:33,825.95
2022-05-02 11:44:34,825.95
2022-05-02 11:44:35,825.5
2022-05-02 11:44:36,825.5
2022-05-02 11:44:37,826
2022-05-02 11:44:38,825.55
2022-05-02 11:44:39,825.5
2022-05-02 11:44:40,825.5
2022-05-02 11:44:41,825.45
2022-05-02 11:44:42,825.5
2022-05-02 11:44:43,825.5
2022-05-02 11:45:15,825.5
2022-05-02 11:45:16,825.85
2022-05-02 11:45:17,825.85
2022-05-02 11:45:18,825.55
2022-05-02 11:45:19,825.55
2022-05-02 11:45:20,825.55
2022-05-02 11:45:21,825.55
2022-05-02 11:45:22,825.55
2022-05-02 11:45:23,825.55
2022-05-02 11:45:24,825.6
2022-05-02 11:45:25,825.6
2022-05-02 11:45:26,825.6
2022-05-02 11:45:27,826
2022-05-02 11:45:28,826
2022-05-02 11:45:29,825.9
2022-05-02 11:45:30,826
2022-05-02 11:45:31,826.05
2022-05-02 11:45:32,826
2022-05-02 11:45:33,826
2022-05-02 11:45:34,826
2022-05-02 11:45:35,826
2022-05-02 11:45:36,826
2022-05-02 11:45:37,826.1
2022-05-02 11:45:38,826
2022-05-02 11:45:39,826.1
2022-05-02 11:45:40,826
2022-05-02 11:45:41,826.2
2022-05-02 11:45:42,826
2022-05-02 11:45:43,826
2022-05-02 11:45:44,826
2022-05-02 11:46:15,825.7
2022-05-02 11:46:16,825.7
2022-05-02 11:46:17,825.7
2022-05-02 11:46:18,826
2022-05-02 11:46:19,826
2022-05-02 11:46:20,825.95
2022-05-02 11:46:21,825.95
2022-05-02 11:46:22,825.8
2022-05-02 11:46:23,825.7
2022-05-02 11:46:24,825.7
2022-05-02 11:46:25,825.6
2022-05-02 11:46:26,825.6
2022-05-02 11:46:27,826.1
2022-05-02 11:46:28,825.7
2022-05-02 11:46:29,825.7
2022-05-02 11:46:30,825.7
2022-05-02 11:46:31,825.7
2022-05-02 11:46:32,825.7
2022-05-02 11:46:33,825.6
2022-05-02 11:46:34,825.6
2022-05-02 11:46:35,825.95
2022-05-02 11:46:36,825.65
2022-05-02 11:46:37,825.65
2022-05-02 11:46:38,825.65
2022-05-02 11:46:39,825.65
2022-05-02 11:46:40,825.65
2022-05-02 11:46:41,825.65
2022-05-02 11:46:42,825.65
2022-05-02 11:46:43,825.65
2022-05-02 11:46:44,825.65
2022-05-02 11:47:14,826
2022-05-02 11:47:15,826
2022-05-02 11:47:16,826
2022-05-02 11:47:17,825.75
2022-05-02 11:47:18,825.75
2022-05-02 11:47:19,825.9
2022-05-02 11:47:20,825.9
2022-05-02 11:47:21,825.75
2022-05-02 11:47:22,825.75
2022-05-02 11:47:23,825.75
2022-05-02 11:47:24,825.75
2022-05-02 11:47:25,825.8
2022-05-02 11:47:26,826.45
2022-05-02 11:47:27,826.5
2022-05-02 11:47:28,826.6
2022-05-02 11:47:29,826.95
2022-05-02 11:47:30,826.95
2022-05-02 11:47:31,826.5
2022-05-02 11:47:32,826.95
2022-05-02 11:47:33,826.95
2022-05-02 11:47:34,826.95
2022-05-02 11:47:35,826.95
2022-05-02 11:47:36,827
2022-05-02 11:47:37,827
2022-05-02 11:47:38,825.8
2022-05-02 11:47:39,826.7
2022-05-02 11:47:40,826.7
2022-05-02 11:47:41,826.45
2022-05-02 11:47:42,826.45
2022-05-02 11:47:43,826.45
2022-05-02 11:47:44,826.45
2022-05-02 11:48:15,827.9
2022-05-02 11:48:16,827.9
2022-05-02 11:48:17,827.9
2022-05-02 11:48:18,827.85
2022-05-02 11:48:19,827.85
2022-05-02 11:48:20,827.75
2022-05-02 11:48:21,827.3
2022-05-02 11:48:22,827.3
2022-05-02 11:48:23,827.05
2022-05-02 11:48:24,827.4
2022-05-02 11:48:25,827.05
2022-05-02 11:48:26,827.4
2022-05-02 11:48:27,827.1
2022-05-02 11:48:28,827.1
2022-05-02 11:48:29,827.3
2022-05-02 11:48:30,827.15
2022-05-02 11:48:31,827.1
2022-05-02 11:48:32,827.1
2022-05-02 11:48:33,827.1
2022-05-02 11:48:34,827.35
2022-05-02 11:48:35,827
2022-05-02 11:48:36,827.35
2022-05-02 11:48:37,827.45
2022-05-02 11:48:38,827.45
2022-05-02 11:48:39,827.4
2022-05-02 11:48:40,827.4
2022-05-02 11:48:41,827
2022-05-02 11:48:42,827.4
2022-05-02 11:48:43,827.4
2022-05-02 11:48:44,827.4
2022-05-02 11:49:15,826.75
2022-05-02 11:49:16,826.75
2022-05-02 11:49:17,827.35
2022-05-02 11:49:18,827.3
2022-05-02 11:49:19,826.75
2022-05-02 11:49:20,826.65
2022-05-02 11:49:21,826.65
2022-05-02 11:49:22,826.9
2022-05-02 11:49:23,827.4
2022-05-02 11:49:24,826.5
2022-05-02 11:49:25,827
2022-05-02 11:49:26,826.5
2022-05-02 11:49:27,826.95
2022-05-02 11:49:29,827
2022-05-02 11:49:30,827.25
2022-05-02 11:49:31,827.25
2022-05-02 11:49:32,827
2022-05-02 11:49:33,827
2022-05-02 11:49:34,826.7
2022-05-02 11:49:35,827.2
2022-05-02 11:49:36,827.2
2022-05-02 11:49:37,827.2
2022-05-02 11:49:38,827.25
2022-05-02 11:49:39,826.4
2022-05-02 11:49:40,826.65
2022-05-02 11:49:41,827.15
2022-05-02 11:49:42,827.15
2022-05-02 11:49:43,827.15
2022-05-02 11:49:44,827.15
2022-05-02 11:49:45,826.6
2022-05-02 11:49:46,827.15
2022-05-02 11:49:47,826.55
2022-05-02 11:49:48,826.55
2022-05-02 11:49:49,827.1
2022-05-02 11:49:50,827.1
2022-05-02 11:49:52,826.5
2022-05-02 11:49:53,827
2022-05-02 11:49:54,826.6
2022-05-02 11:49:55,827
2022-05-02 11:49:56,827
2022-05-02 11:49:57,826.7
2022-05-02 11:49:59,826.65
2022-05-02 11:50:00,826.65
2022-05-02 11:50:01,827.15
2022-05-02 11:50:02,826.65
2022-05-02 11:50:03,827.1
2022-05-02 11:50:04,827.1
2022-05-02 11:50:05,826.55
2022-05-02 11:50:06,826.55
2022-05-02 11:50:07,826.55
2022-05-02 11:50:08,826.65
2022-05-02 11:50:09,826.65
2022-05-02 11:50:10,827.25
2022-05-02 11:50:11,826.75
2022-05-02 11:50:13,827.4
2022-05-02 11:50:14,827.4
2022-05-02 11:50:45,826.75
2022-05-02 11:50:46,827
2022-05-02 11:50:47,827
2022-05-02 11:50:48,827.2
2022-05-02 11:50:49,827.2
2022-05-02 11:50:50,827.4
2022-05-02 11:50:51,827.4
2022-05-02 11:50:52,827.4
2022-05-02 11:50:53,827.4
2022-05-02 11:50:54,826.95
2022-05-02 11:50:55,827.5
2022-05-02 11:50:56,827.8
2022-05-02 11:50:57,827.95
2022-05-02 11:50:58,827.6
2022-05-02 11:50:59,828.55
2022-05-02 11:51:00,828.8
2022-05-02 11:51:01,828.8
2022-05-02 11:51:02,828.3
2022-05-02 11:51:03,828.85
2022-05-02 11:51:04,828.95
2022-05-02 11:51:05,828.4
2022-05-02 11:51:06,828.4
2022-05-02 11:51:07,828.85
2022-05-02 11:51:08,828.85
2022-05-02 11:51:09,829
2022-05-02 11:51:10,828.9
2022-05-02 11:51:11,829
2022-05-02 11:51:12,829.45
2022-05-02 11:51:13,829
2022-05-02 11:51:14,829
2022-05-02 11:51:44,827.85
2022-05-02 11:51:45,827.85
2022-05-02 11:51:46,828.35
2022-05-02 11:51:47,828.35
2022-05-02 11:51:48,828.35
2022-05-02 11:51:49,828.35
2022-05-02 11:51:50,828.35
2022-05-02 11:51:51,828.8
2022-05-02 11:51:52,828.35
2022-05-02 11:51:53,828.35
2022-05-02 11:51:54,828.35
2022-05-02 11:51:55,828.35
2022-05-02 11:51:56,828.75
2022-05-02 11:51:57,828.75
2022-05-02 11:51:58,828.75
2022-05-02 11:51:59,828.35
2022-05-02 11:52:00,828.35
2022-05-02 11:52:01,828.2
2022-05-02 11:52:02,828.25
2022-05-02 11:52:03,828.25
2022-05-02 11:52:04,828.65
2022-05-02 11:52:05,828.7
2022-05-02 11:52:06,828.35
2022-05-02 11:52:07,828.75
2022-05-02 11:52:08,828.7
2022-05-02 11:52:09,829.35
2022-05-02 11:52:10,829
2022-05-02 11:52:11,829.3
2022-05-02 11:52:12,828.8
2022-05-02 11:52:13,828.8
2022-05-02 11:52:45,828.15
2022-05-02 11:52:46,828.25
2022-05-02 11:52:47,828.2
2022-05-02 11:52:48,828.3
2022-05-02 11:52:49,827.85
2022-05-02 11:52:50,827.65
2022-05-02 11:52:51,827.65
2022-05-02 11:52:52,828.2
2022-05-02 11:52:53,828.2
2022-05-02 11:52:54,827.65
2022-05-02 11:52:55,827.75
2022-05-02 11:52:56,827.75
2022-05-02 11:52:57,827.75
2022-05-02 11:52:58,828.15
2022-05-02 11:52:59,827.75
2022-05-02 11:53:00,828.15
2022-05-02 11:53:01,828.15
2022-05-02 11:53:02,828.15
2022-05-02 11:53:03,828.15
2022-05-02 11:53:04,828.15
2022-05-02 11:53:05,828.15
2022-05-02 11:53:06,827.95
2022-05-02 11:53:07,827.6
2022-05-02 11:53:08,827.6
2022-05-02 11:53:09,827.6
2022-05-02 11:53:10,828.05
2022-05-02 11:53:11,828.05
2022-05-02 11:53:12,828
2022-05-02 11:53:13,828
2022-05-02 11:53:14,828.05
2022-05-02 11:53:45,828.7
2022-05-02 11:53:46,828.45
2022-05-02 11:53:47,828.45
2022-05-02 11:53:48,828.45
2022-05-02 11:53:49,828.45
2022-05-02 11:53:50,828.95
2022-05-02 11:53:51,828.85
2022-05-02 11:53:52,828.85
2022-05-02 11:53:53,828.85
2022-05-02 11:53:54,829
2022-05-02 11:53:55,828.65
2022-05-02 11:53:56,828.65
2022-05-02 11:53:57,828.55
2022-05-02 11:53:58,828.55
2022-05-02 11:53:59,828.55
2022-05-02 11:54:00,828.8
2022-05-02 11:54:01,828.8
2022-05-02 11:54:02,828.55
2022-05-02 11:54:03,828.5
2022-05-02 11:54:04,828.5
2022-05-02 11:54:05,828.75
2022-05-02 11:54:06,828.4
2022-05-02 11:54:07,828.4
2022-05-02 11:54:08,828.4
2022-05-02 11:54:09,828.55
2022-05-02 11:54:10,828.55
2022-05-02 11:54:11,828.55
2022-05-02 11:54:12,828.2
2022-05-02 11:54:13,828.65
2022-05-02 11:54:14,828.65
2022-05-02 11:54:45,829.25
2022-05-02 11:54:46,829
2022-05-02 11:54:47,829.25
2022-05-02 11:54:48,828.8
2022-05-02 11:54:49,828.4
2022-05-02 11:54:50,828.4
2022-05-02 11:54:51,828.85
2022-05-02 11:54:52,828.4
2022-05-02 11:54:53,828.4
2022-05-02 11:54:54,828.85
2022-05-02 11:54:55,829.05
2022-05-02 11:54:56,828.85
2022-05-02 11:54:57,828.85
2022-05-02 11:54:58,828.85
2022-05-02 11:54:59,828.85
2022-05-02 11:55:00,828.85
2022-05-02 11:55:01,828.85
2022-05-02 11:55:02,828.95
2022-05-02 11:55:03,828.95
2022-05-02 11:55:04,828.85
2022-05-02 11:55:05,828.85
2022-05-02 11:55:06,828.85
2022-05-02 11:55:07,828.85
2022-05-02 11:55:08,828.95
2022-05-02 11:55:10,829.5
2022-05-02 11:55:11,829.5
2022-05-02 11:55:12,829.5
2022-05-02 11:55:13,829.5
2022-05-02 11:55:14,829.5
2022-05-02 11:55:15,829.5
2022-05-02 11:55:16,829.5
2022-05-02 11:55:18,829.25
2022-05-02 11:55:19,829.35
2022-05-02 11:55:20,829.75
2022-05-02 11:55:21,829.25
2022-05-02 11:55:22,829.5
2022-05-02 11:55:24,829.15
2022-05-02 11:55:26,829.3
2022-05-02 11:55:27,829.3
2022-05-02 11:55:29,829.55
2022-05-02 11:55:30,829.75
2022-05-02 11:55:31,829.75
2022-05-02 11:55:32,829.95
2022-05-02 11:55:34,829.95
2022-05-02 11:55:35,829.95
2022-05-02 11:55:36,829.95
2022-05-02 11:55:38,829.75
2022-05-02 11:55:39,829.6
2022-05-02 11:55:40,829.6
2022-05-02 11:55:41,829.75
2022-05-02 11:55:42,829.55
2022-05-02 11:55:43,829.1
2022-05-02 11:55:44,829.25
2022-05-02 11:56:15,829.85
2022-05-02 11:56:16,829.85
2022-05-02 11:56:17,829.9
2022-05-02 11:56:18,829.9
2022-05-02 11:56:19,829.85
2022-05-02 11:56:20,829.85
2022-05-02 11:56:21,829.9
2022-05-02 11:56:22,829.9
2022-05-02 11:56:23,829.9
2022-05-02 11:56:24,829.9
2022-05-02 11:56:25,829.9
2022-05-02 11:56:26,829.9
2022-05-02 11:56:27,829.9
2022-05-02 11:56:28,829.9
2022-05-02 11:56:29,829.9
2022-05-02 11:56:30,829.95
2022-05-02 11:56:31,830
2022-05-02 11:56:32,829.8
2022-05-02 11:56:33,830
2022-05-02 11:56:34,829.9
2022-05-02 11:56:35,829.6
2022-05-02 11:56:36,829.65
2022-05-02 11:56:37,829.9
2022-05-02 11:56:38,829.9
2022-05-02 11:56:39,829.9
2022-05-02 11:56:40,829.9
2022-05-02 11:56:41,829.9
2022-05-02 11:56:42,829.9
2022-05-02 11:56:43,830
2022-05-02 11:56:44,829.9
2022-05-02 11:56:45,830
2022-05-02 11:56:46,830
2022-05-02 11:56:47,830
2022-05-02 11:56:49,829.95
2022-05-02 11:56:50,830
2022-05-02 11:56:51,830.7
2022-05-02 11:56:52,831
2022-05-02 11:56:53,831
2022-05-02 11:56:54,831
2022-05-02 11:56:55,831
2022-05-02 11:56:57,830.75
2022-05-02 11:56:58,830.75
2022-05-02 11:57:00,830.7
2022-05-02 11:57:02,830.05
2022-05-02 11:57:03,830.25
2022-05-02 11:57:04,830.55
2022-05-02 11:57:05,830.55
2022-05-02 11:57:06,830.65
2022-05-02 11:57:07,830.5
2022-05-02 11:57:08,830.7
2022-05-02 11:57:09,830.7
2022-05-02 11:57:10,830.7
2022-05-02 11:57:11,830.7
2022-05-02 11:57:12,830.85
2022-05-02 11:57:13,830.85
2022-05-02 11:57:45,831.3
2022-05-02 11:57:46,831.3
2022-05-02 11:57:47,831.3
2022-05-02 11:57:48,830.75
2022-05-02 11:57:49,830.65
2022-05-02 11:57:50,830.6
2022-05-02 11:57:51,831
2022-05-02 11:57:52,830.6
2022-05-02 11:57:53,830.6
2022-05-02 11:57:54,831
2022-05-02 11:57:56,831
2022-05-02 11:57:57,830.75
2022-05-02 11:57:58,831
2022-05-02 11:57:59,830.95
2022-05-02 11:58:00,831.25
2022-05-02 11:58:01,831.25
2022-05-02 11:58:02,830.15
2022-05-02 11:58:03,830.15
2022-05-02 11:58:04,831.25
2022-05-02 11:58:05,831.2
2022-05-02 11:58:07,831.9
2022-05-02 11:58:08,832
2022-05-02 11:58:09,831.95
2022-05-02 11:58:10,832
2022-05-02 11:58:12,831.75
2022-05-02 11:58:13,832.45
2022-05-02 11:58:15,832
2022-05-02 11:58:16,832.5
2022-05-02 11:58:17,832.45
2022-05-02 11:58:18,832.5
2022-05-02 11:58:19,832.7
2022-05-02 11:58:20,832.45
2022-05-02 11:58:22,832.7
2022-05-02 11:58:23,832.7
2022-05-02 11:58:24,832.65
2022-05-02 11:58:26,832.65
2022-05-02 11:58:27,832.65
2022-05-02 11:58:28,832.65
2022-05-02 11:58:29,832.6
2022-05-02 11:58:30,832.5
2022-05-02 11:58:31,833
2022-05-02 11:58:32,833
2022-05-02 11:58:33,833
2022-05-02 11:58:34,833.55
2022-05-02 11:58:35,833.65
2022-05-02 11:58:37,833.8
2022-05-02 11:58:39,833.5
2022-05-02 11:58:40,834
2022-05-02 11:58:41,834
2022-05-02 11:58:42,834.1
2022-05-02 11:58:43,834.05
2022-05-02 11:58:44,834.45
2022-05-02 11:58:45,834.6
2022-05-02 11:58:46,834.55
2022-05-02 11:58:47,834.55
2022-05-02 11:58:48,834.8
2022-05-02 11:58:49,834.9
2022-05-02 11:58:50,835.1
2022-05-02 11:58:52,835.5
2022-05-02 11:58:53,835.95
2022-05-02 11:58:55,835.7
2022-05-02 11:58:56,836
2022-05-02 11:58:57,836.5
2022-05-02 11:58:58,836.5
2022-05-02 11:58:59,836.9
2022-05-02 11:59:00,836.9
2022-05-02 11:59:01,836.05
2022-05-02 11:59:02,836
2022-05-02 11:59:03,836.45
2022-05-02 11:59:04,836.25
2022-05-02 11:59:05,835.25
2022-05-02 11:59:06,835
2022-05-02 11:59:07,835.05
2022-05-02 11:59:08,835
2022-05-02 11:59:10,835.45
2022-05-02 11:59:11,834.8
2022-05-02 11:59:12,834.65
2022-05-02 11:59:13,834.8
2022-05-02 11:59:14,834.7
2022-05-02 11:59:15,834.75
2022-05-02 11:59:16,834.5
2022-05-02 11:59:18,834.8
2022-05-02 11:59:19,834.5
2022-05-02 11:59:20,834.9
2022-05-02 11:59:21,835
2022-05-02 11:59:22,834.8
2022-05-02 11:59:23,834.95
2022-05-02 11:59:25,835
2022-05-02 11:59:26,834.7
2022-05-02 11:59:27,834.6
2022-05-02 11:59:28,834.9
2022-05-02 11:59:30,834.95
2022-05-02 11:59:31,834.95
2022-05-02 11:59:32,833.9
2022-05-02 11:59:33,833.75
2022-05-02 11:59:34,833.85
2022-05-02 11:59:35,833.55
2022-05-02 11:59:36,833.55
2022-05-02 11:59:37,833.9
2022-05-02 11:59:39,833.55
2022-05-02 11:59:40,833.2
2022-05-02 11:59:41,832.95
2022-05-02 11:59:43,832.6
2022-05-02 12:00:15,833.65
2022-05-02 12:00:16,834
2022-05-02 12:00:17,834
2022-05-02 12:00:18,834
2022-05-02 12:00:20,834
2022-05-02 12:00:21,834
2022-05-02 12:00:22,834.05
2022-05-02 12:00:23,834
2022-05-02 12:00:24,833.75
2022-05-02 12:00:25,833.95
2022-05-02 12:00:27,833.4
2022-05-02 12:00:28,833.75
2022-05-02 12:00:29,833.75
2022-05-02 12:00:30,834.2
2022-05-02 12:00:31,833.8
2022-05-02 12:00:33,833.9
2022-05-02 12:00:34,834.4
2022-05-02 12:00:35,834.4
2022-05-02 12:00:36,834.7
2022-05-02 12:00:38,834.65
2022-05-02 12:00:39,834.2
2022-05-02 12:00:40,834.45
2022-05-02 12:00:41,834.1
2022-05-02 12:00:42,834.85
2022-05-02 12:00:44,834.45
2022-05-02 12:00:45,834.95
2022-05-02 12:00:46,834.6
2022-05-02 12:00:47,834.9
2022-05-02 12:00:48,834.9
2022-05-02 12:00:49,834.6
2022-05-02 12:00:50,834.8
2022-05-02 12:00:51,833.4
2022-05-02 12:00:52,833.65
2022-05-02 12:00:53,833.65
2022-05-02 12:00:54,833.65
2022-05-02 12:00:55,833.25
2022-05-02 12:00:57,833.4
2022-05-02 12:00:58,832.9
2022-05-02 12:00:59,832.9
2022-05-02 12:01:00,833.25
2022-05-02 12:01:01,833.25
2022-05-02 12:01:02,833.4
2022-05-02 12:01:04,833.25
2022-05-02 12:01:05,833.15
2022-05-02 12:01:06,833
2022-05-02 12:01:07,833
2022-05-02 12:01:09,833
2022-05-02 12:01:10,832.95
2022-05-02 12:01:11,833.2
2022-05-02 12:01:12,833.2
2022-05-02 12:01:13,833
2022-05-02 12:01:14,833.2
2022-05-02 12:01:15,832.55
2022-05-02 12:01:16,832.8
2022-05-02 12:01:18,832.35
2022-05-02 12:01:19,832.25
2022-05-02 12:01:20,832.35
2022-05-02 12:01:21,832.25
2022-05-02 12:01:22,832.7
2022-05-02 12:01:23,832.15
2022-05-02 12:01:24,832.35
2022-05-02 12:01:25,832.65
2022-05-02 12:01:27,832.7
2022-05-02 12:01:28,832.75
2022-05-02 12:01:29,832.7
2022-05-02 12:01:30,832.4
2022-05-02 12:01:31,832.25
2022-05-02 12:01:32,831.9
2022-05-02 12:01:34,829.9
2022-05-02 12:01:35,830.6
2022-05-02 12:01:36,830.1
2022-05-02 12:01:37,830.5
2022-05-02 12:01:38,830.1
2022-05-02 12:01:40,829.8
2022-05-02 12:01:42,829.7
2022-05-02 12:01:43,829
2022-05-02 12:01:44,829.15
2022-05-02 12:01:45,828.65
2022-05-02 12:01:46,828.85
2022-05-02 12:01:47,828.85
2022-05-02 12:01:49,828.85
2022-05-02 12:01:50,828.85
2022-05-02 12:01:51,828.8
2022-05-02 12:01:52,828.7
2022-05-02 12:01:53,828.95
2022-05-02 12:01:54,829.05
2022-05-02 12:01:55,829.55
2022-05-02 12:01:56,829.1
2022-05-02 12:01:58,829.8
2022-05-02 12:01:59,829.85
2022-05-02 12:02:00,829.6
2022-05-02 12:02:01,830
2022-05-02 12:02:03,830
2022-05-02 12:02:04,830
2022-05-02 12:02:05,830
2022-05-02 12:02:06,830
2022-05-02 12:02:07,830.3
2022-05-02 12:02:08,830.3
2022-05-02 12:02:10,830.4
2022-05-02 12:02:11,830.35
2022-05-02 12:02:12,830.35
2022-05-02 12:02:13,830.6
2022-05-02 12:02:14,830.75
2022-05-02 12:02:15,830.65
2022-05-02 12:02:16,830.75
2022-05-02 12:02:17,830.85
2022-05-02 12:02:19,830.9
2022-05-02 12:02:20,831
2022-05-02 12:02:21,831.25
2022-05-02 12:02:22,831.25
2022-05-02 12:02:23,831.25
2022-05-02 12:02:24,830.75
2022-05-02 12:02:25,830.4
2022-05-02 12:02:27,830.4
2022-05-02 12:02:29,830.55
2022-05-02 12:02:30,830.35
2022-05-02 12:02:31,830.35
2022-05-02 12:02:32,830.1
2022-05-02 12:02:33,830.2
2022-05-02 12:02:34,830.7
2022-05-02 12:02:35,830
2022-05-02 12:02:37,830
2022-05-02 12:02:39,829.85
2022-05-02 12:02:40,829.9
2022-05-02 12:02:41,829.45
2022-05-02 12:02:42,829.45
2022-05-02 12:02:43,829.45
2022-05-02 12:02:44,828.95
2022-05-02 12:02:46,828.8
2022-05-02 12:02:48,828.35
2022-05-02 12:02:49,828.6
2022-05-02 12:02:50,828.55
2022-05-02 12:02:51,828.55
2022-05-02 12:02:52,828.15
2022-05-02 12:02:53,828.5
2022-05-02 12:02:54,827.65
2022-05-02 12:02:56,828.1
2022-05-02 12:02:57,827.6
2022-05-02 12:02:58,828.55
2022-05-02 12:02:59,828.8
2022-05-02 12:03:00,828.75
2022-05-02 12:03:02,828.1
2022-05-02 12:03:03,828.1
2022-05-02 12:03:04,828
2022-05-02 12:03:05,828
2022-05-02 12:03:06,827.8
2022-05-02 12:03:07,826.5
2022-05-02 12:03:08,827.4
2022-05-02 12:03:09,827.45
2022-05-02 12:03:10,826.9
2022-05-02 12:03:11,827
2022-05-02 12:03:12,826.45
2022-05-02 12:03:14,826.25
2022-05-02 12:03:15,826.5
2022-05-02 12:03:45,828
2022-05-02 12:03:46,828
2022-05-02 12:03:47,827.6
2022-05-02 12:03:48,827.5
2022-05-02 12:03:50,828
2022-05-02 12:03:51,827.2
2022-05-02 12:03:52,827.75
2022-05-02 12:03:53,827.25
2022-05-02 12:03:54,827.65
2022-05-02 12:03:55,827.65
2022-05-02 12:03:57,827.65
2022-05-02 12:03:58,827.75
2022-05-02 12:03:59,827.75
2022-05-02 12:04:00,827.7
2022-05-02 12:04:01,827.7
2022-05-02 12:04:02,828
2022-05-02 12:04:03,827.95
2022-05-02 12:04:04,828.4
2022-05-02 12:04:06,828.1
2022-05-02 12:04:07,828.05
2022-05-02 12:04:08,828.45
2022-05-02 12:04:09,828.45
2022-05-02 12:04:10,828.4
2022-05-02 12:04:11,828.4
2022-05-02 12:04:13,828.4
2022-05-02 12:04:14,827.2
2022-05-02 12:04:15,827.45
2022-05-02 12:04:16,828
2022-05-02 12:04:17,827.65
2022-05-02 12:04:18,827.65
2022-05-02 12:04:19,828
2022-05-02 12:04:20,828
2022-05-02 12:04:21,828
2022-05-02 12:04:23,828
2022-05-02 12:04:24,828
2022-05-02 12:04:25,828
2022-05-02 12:04:26,827.65
2022-05-02 12:04:28,827.75
2022-05-02 12:04:29,828.4
2022-05-02 12:04:30,828.3
2022-05-02 12:04:31,828.4
2022-05-02 12:04:32,828
2022-05-02 12:04:33,828.25
2022-05-02 12:04:34,828.25
2022-05-02 12:04:36,828.3
2022-05-02 12:04:37,828.1
2022-05-02 12:04:38,827.65
2022-05-02 12:04:39,828.3
2022-05-02 12:04:40,828.3
2022-05-02 12:04:41,828.45
2022-05-02 12:04:42,828.35
2022-05-02 12:04:43,828.35
2022-05-02 12:04:45,828.35
2022-05-02 12:04:46,827.9
2022-05-02 12:04:47,828.25
2022-05-02 12:04:48,828.5
2022-05-02 12:04:49,828.5
2022-05-02 12:04:50,828.35
2022-05-02 12:04:51,828.4
2022-05-02 12:04:52,828.3
2022-05-02 12:04:53,828.05
2022-05-02 12:04:55,828
2022-05-02 12:04:56,827.65
2022-05-02 12:04:57,828.1
2022-05-02 12:04:58,828.05
2022-05-02 12:05:00,827.7
2022-05-02 12:05:01,828.1
2022-05-02 12:05:02,828.25
2022-05-02 12:05:03,828.2
2022-05-02 12:05:04,828.05
2022-05-02 12:05:05,828.05
2022-05-02 12:05:07,827.7
2022-05-02 12:05:08,827.8
2022-05-02 12:05:09,827.65
2022-05-02 12:05:10,827.65
2022-05-02 12:05:11,827.55
2022-05-02 12:05:12,827.55
2022-05-02 12:05:13,827.65
2022-05-02 12:05:15,827.7
2022-05-02 12:05:45,828.3
2022-05-02 12:05:46,828
2022-05-02 12:05:47,828.4
2022-05-02 12:05:48,828.4
2022-05-02 12:05:49,828.4
2022-05-02 12:05:50,828.4
2022-05-02 12:05:51,828.35
2022-05-02 12:05:52,828.35
2022-05-02 12:05:54,828.3
2022-05-02 12:05:55,828.4
2022-05-02 12:05:56,828.4
2022-05-02 12:05:57,828.4
2022-05-02 12:05:58,828.4
2022-05-02 12:06:00,828.4
2022-05-02 12:06:01,828
2022-05-02 12:06:02,828
2022-05-02 12:06:03,828.35
2022-05-02 12:06:05,828
2022-05-02 12:06:06,828.05
2022-05-02 12:06:07,828.05
2022-05-02 12:06:09,828.05
2022-05-02 12:06:10,828.05
2022-05-02 12:06:11,828.05
2022-05-02 12:06:12,828.15
2022-05-02 12:06:13,828.15
2022-05-02 12:06:45,828.15
2022-05-02 12:06:47,828.1
2022-05-02 12:06:48,828.1
2022-05-02 12:06:49,828.1
2022-05-02 12:06:50,828.1
2022-05-02 12:06:51,828.1
2022-05-02 12:06:53,828.1
2022-05-02 12:06:54,828.1
2022-05-02 12:06:55,828.1
2022-05-02 12:06:56,828
2022-05-02 12:06:57,828.1
2022-05-02 12:06:58,828.1
2022-05-02 12:06:59,828
2022-05-02 12:07:00,828.1
2022-05-02 12:07:01,828
2022-05-02 12:07:02,828.1
2022-05-02 12:07:03,828
2022-05-02 12:07:04,828.1
2022-05-02 12:07:05,828.1
2022-05-02 12:07:06,828.1
2022-05-02 12:07:07,828.1
2022-05-02 12:07:08,828
2022-05-02 12:07:10,828
2022-05-02 12:07:11,828.2
2022-05-02 12:07:12,828.1
2022-05-02 12:07:13,828.35
2022-05-02 12:07:14,828.35
2022-05-02 12:07:15,828.35
2022-05-02 12:07:16,828.35
2022-05-02 12:07:17,828.15
2022-05-02 12:07:18,828.2
2022-05-02 12:07:19,828.2
2022-05-02 12:07:20,827.7
2022-05-02 12:07:22,828
2022-05-02 12:07:23,828
2022-05-02 12:07:24,828
2022-05-02 12:07:25,827.65
2022-05-02 12:07:26,827.65
2022-05-02 12:07:27,827.65
2022-05-02 12:07:28,828.15
2022-05-02 12:07:29,828.15
2022-05-02 12:07:30,828.1
2022-05-02 12:07:32,828
2022-05-02 12:07:33,828
2022-05-02 12:07:34,828
2022-05-02 12:07:35,828.1
2022-05-02 12:07:36,828.8
2022-05-02 12:07:37,828.8
2022-05-02 12:07:38,828.95
2022-05-02 12:07:39,828.45
2022-05-02 12:07:40,828.45
2022-05-02 12:07:41,828.8
2022-05-02 12:07:43,828.65
2022-05-02 12:07:44,828.8
2022-05-02 12:08:15,828.5
2022-05-02 12:08:16,828.5
2022-05-02 12:08:17,828.5
2022-05-02 12:08:18,828.45
2022-05-02 12:08:19,828.3
2022-05-02 12:08:20,828.1
2022-05-02 12:08:21,828.3
2022-05-02 12:08:23,828.25
2022-05-02 12:08:24,828.25
2022-05-02 12:08:25,828.25
2022-05-02 12:08:26,828.25
2022-05-02 12:08:27,828.25
2022-05-02 12:08:28,828.25
2022-05-02 12:08:29,828
2022-05-02 12:08:30,828
2022-05-02 12:08:31,828
2022-05-02 12:08:32,828
2022-05-02 12:08:33,828
2022-05-02 12:08:34,828.25
2022-05-02 12:08:35,828.3
2022-05-02 12:08:36,828.3
2022-05-02 12:08:37,828.1
2022-05-02 12:08:38,828.1
2022-05-02 12:08:40,828.1
2022-05-02 12:08:41,828.1
2022-05-02 12:08:42,828.1
2022-05-02 12:08:43,828.1
2022-05-02 12:08:44,828.1
2022-05-02 12:09:15,828
2022-05-02 12:09:16,828.1
2022-05-02 12:09:17,828.4
2022-05-02 12:09:18,828.4
2022-05-02 12:09:19,828.4
2022-05-02 12:09:21,828.4
2022-05-02 12:09:22,828.55
2022-05-02 12:09:23,828.55
2022-05-02 12:09:25,828.55
2022-05-02 12:09:26,828.55
2022-05-02 12:09:27,828.9
2022-05-02 12:09:28,828.9
2022-05-02 12:09:29,828.9
2022-05-02 12:09:30,828.9
2022-05-02 12:09:31,828.9
2022-05-02 12:09:32,828.9
2022-05-02 12:09:34,828.55
2022-05-02 12:09:35,828.9
2022-05-02 12:09:36,828.9
2022-05-02 12:09:37,828.9
2022-05-02 12:09:38,828.55
2022-05-02 12:09:39,828.9
2022-05-02 12:09:40,828.9
2022-05-02 12:09:41,828.9
2022-05-02 12:09:42,828.9
2022-05-02 12:09:43,828.65
2022-05-02 12:09:44,828.9
2022-05-02 12:10:16,828.3
2022-05-02 12:10:17,828.3
2022-05-02 12:10:18,828.55
2022-05-02 12:10:19,828.55
2022-05-02 12:10:20,828.55
2022-05-02 12:10:22,828.5
2022-05-02 12:10:23,828.5
2022-05-02 12:10:24,828.5
2022-05-02 12:10:25,828.55
2022-05-02 12:10:26,828.55
2022-05-02 12:10:27,828.55
2022-05-02 12:10:28,828.55
2022-05-02 12:10:29,828.55
2022-05-02 12:10:30,828.55
2022-05-02 12:10:31,828.55
2022-05-02 12:10:32,828.55
2022-05-02 12:10:33,828.55
2022-05-02 12:10:34,828.55
2022-05-02 12:10:35,828.55
2022-05-02 12:10:36,828.55
2022-05-02 12:10:37,828.55
2022-05-02 12:10:38,828.5
2022-05-02 12:10:39,828.5
2022-05-02 12:10:40,828.5
2022-05-02 12:10:42,828.55
2022-05-02 12:10:43,828.55
2022-05-02 12:10:44,828.75
2022-05-02 12:10:45,828.85
2022-05-02 12:11:15,828.5
2022-05-02 12:11:16,828.65
2022-05-02 12:11:18,828.7
2022-05-02 12:11:19,828.65
2022-05-02 12:11:20,828.65
2022-05-02 12:11:21,828.2
2022-05-02 12:11:22,828.4
2022-05-02 12:11:23,828.4
2022-05-02 12:11:24,828.4
2022-05-02 12:11:26,828
2022-05-02 12:11:27,828.4
2022-05-02 12:11:29,828.4
2022-05-02 12:11:31,828.4
2022-05-02 12:11:32,828.4
2022-05-02 12:11:33,828.3
2022-05-02 12:11:34,828.3
2022-05-02 12:11:35,828.35
2022-05-02 12:11:36,828.35
2022-05-02 12:11:37,828.35
2022-05-02 12:11:38,828.35
2022-05-02 12:11:39,828.35
2022-05-02 12:11:40,828.35
2022-05-02 12:11:42,828.35
2022-05-02 12:11:43,828.35
2022-05-02 12:11:44,828.35
2022-05-02 12:12:15,829.2
2022-05-02 12:12:16,829.2
2022-05-02 12:12:17,829.2
2022-05-02 12:12:18,829.2
2022-05-02 12:12:19,829.2
2022-05-02 12:12:20,828.55
2022-05-02 12:12:22,828.5
2022-05-02 12:12:23,828.1
2022-05-02 12:12:24,828.5
2022-05-02 12:12:26,828.6
2022-05-02 12:12:28,828.2
2022-05-02 12:12:29,828.2
2022-05-02 12:12:31,828.5
2022-05-02 12:12:32,828.5
2022-05-02 12:12:33,828.55
2022-05-02 12:12:34,828.6
2022-05-02 12:12:35,828.6
2022-05-02 12:12:36,828.6
2022-05-02 12:12:37,828.8
2022-05-02 12:12:38,829
2022-05-02 12:12:39,829
2022-05-02 12:12:40,829
2022-05-02 12:12:41,829
2022-05-02 12:12:42,829
2022-05-02 12:12:43,829.35
2022-05-02 12:12:44,829.35
2022-05-02 12:13:16,829
2022-05-02 12:13:17,829.15
2022-05-02 12:13:19,829.15
2022-05-02 12:13:20,829.15
2022-05-02 12:13:22,829.15
2022-05-02 12:13:23,829.2
2022-05-02 12:13:24,829.2
2022-05-02 12:13:25,829.2
2022-05-02 12:13:26,829
2022-05-02 12:13:27,829.35
2022-05-02 12:13:29,829.35
2022-05-02 12:13:30,829.35
2022-05-02 12:13:31,829.35
2022-05-02 12:13:32,829.35
2022-05-02 12:13:33,829.35
2022-05-02 12:13:34,829.35
2022-05-02 12:13:35,829.35
2022-05-02 12:13:36,829.35
2022-05-02 12:13:37,829.35
2022-05-02 12:13:38,829.4
2022-05-02 12:13:39,829.4
2022-05-02 12:13:41,829.5
2022-05-02 12:13:42,829.5
2022-05-02 12:13:43,829.4
2022-05-02 12:13:44,829.4
2022-05-02 12:14:15,828.25
2022-05-02 12:14:16,828.25
2022-05-02 12:14:17,828.65
2022-05-02 12:14:19,828.65
2022-05-02 12:14:20,828.2
2022-05-02 12:14:21,828.55
2022-05-02 12:14:22,828.55
2022-05-02 12:14:24,828.55
2022-05-02 12:14:25,828
2022-05-02 12:14:26,828
2022-05-02 12:14:27,828.45
2022-05-02 12:14:28,828.5
2022-05-02 12:14:29,828.5
2022-05-02 12:14:30,828.5
2022-05-02 12:14:31,828.55
2022-05-02 12:14:32,828.5
2022-05-02 12:14:33,828.5
2022-05-02 12:14:34,828.5
2022-05-02 12:14:35,828.3
2022-05-02 12:14:37,828.3
2022-05-02 12:14:38,828.3
2022-05-02 12:14:39,828.6
2022-05-02 12:14:40,828.9
2022-05-02 12:14:42,828.9
2022-05-02 12:14:43,828.9
2022-05-02 12:14:44,828.9
2022-05-02 12:14:45,828.9
2022-05-02 12:15:16,828.65
2022-05-02 12:15:17,828.65
2022-05-02 12:15:19,828.65
2022-05-02 12:15:20,828.65
2022-05-02 12:15:21,828.65
2022-05-02 12:15:22,828.65
2022-05-02 12:15:23,828.65
2022-05-02 12:15:24,828.65
2022-05-02 12:15:25,828.65
2022-05-02 12:15:26,828.55
2022-05-02 12:15:27,828.6
2022-05-02 12:15:28,828.6
2022-05-02 12:15:29,828.6
2022-05-02 12:15:30,828.6
2022-05-02 12:15:31,828.35
2022-05-02 12:15:32,828.35
2022-05-02 12:15:33,828.6
2022-05-02 12:15:34,828.5
2022-05-02 12:15:35,828.5
2022-05-02 12:15:36,828.6
2022-05-02 12:15:37,828.6
2022-05-02 12:15:38,828.6
2022-05-02 12:15:39,828.5
2022-05-02 12:15:40,828.6
2022-05-02 12:15:41,828.6
2022-05-02 12:15:42,828.6
2022-05-02 12:15:43,828.05
2022-05-02 12:15:44,828.05
2022-05-02 12:16:15,826.4
2022-05-02 12:16:16,826.75
2022-05-02 12:16:17,826.65
2022-05-02 12:16:19,826.25
2022-05-02 12:16:20,826.25
2022-05-02 12:16:21,826.25
2022-05-02 12:16:22,826.05
2022-05-02 12:16:23,826
2022-05-02 12:16:24,826.25
2022-05-02 12:16:25,826
2022-05-02 12:16:27,825.55
2022-05-02 12:16:28,826.05
2022-05-02 12:16:29,827.05
2022-05-02 12:16:30,827.2
2022-05-02 12:16:31,827.2
2022-05-02 12:16:32,827.15
2022-05-02 12:16:33,827.25
2022-05-02 12:16:34,827.15
2022-05-02 12:16:35,827.25
2022-05-02 12:16:36,827.25
2022-05-02 12:16:37,827.25
2022-05-02 12:16:38,827.2
2022-05-02 12:16:39,827.55
2022-05-02 12:16:41,827.5
2022-05-02 12:16:42,827.5
2022-05-02 12:16:43,827.5
2022-05-02 12:16:45,827.15
2022-05-02 12:17:15,827.55
2022-05-02 12:17:16,828.2
2022-05-02 12:17:17,828.6
2022-05-02 12:17:18,828.8
2022-05-02 12:17:19,828.8
2022-05-02 12:17:20,828.8
2022-05-02 12:17:21,829.4
2022-05-02 12:17:22,829.4
2022-05-02 12:17:24,829.4
2022-05-02 12:17:25,829.4
2022-05-02 12:17:26,829.4
2022-05-02 12:17:27,829.4
2022-05-02 12:17:28,829.45
2022-05-02 12:17:29,829.45
2022-05-02 12:17:30,829.45
2022-05-02 12:17:31,829.45
2022-05-02 12:17:33,829
2022-05-02 12:17:34,829.35
2022-05-02 12:17:35,829.35
2022-05-02 12:17:36,829
2022-05-02 12:17:37,829.35
2022-05-02 12:17:38,829.35
2022-05-02 12:17:39,829.35
2022-05-02 12:17:40,829.35
2022-05-02 12:17:41,829.35
2022-05-02 12:17:42,829.35
2022-05-02 12:17:43,829.3
2022-05-02 12:17:44,829.3
2022-05-02 12:17:45,829
2022-05-02 12:17:46,829
2022-05-02 12:17:47,829.3
2022-05-02 12:17:48,829.3
2022-05-02 12:17:49,829.3
2022-05-02 12:17:50,829.1
2022-05-02 12:17:51,829
2022-05-02 12:17:52,828.95
2022-05-02 12:17:53,828.95
2022-05-02 12:17:54,828.95
2022-05-02 12:17:55,828.8
2022-05-02 12:17:56,828.9
2022-05-02 12:17:57,828.8
2022-05-02 12:17:58,828.75
2022-05-02 12:17:59,828.7
2022-05-02 12:18:00,828.7
2022-05-02 12:18:01,828.7
2022-05-02 12:18:02,828.55
2022-05-02 12:18:03,828.55
2022-05-02 12:18:04,828.55
2022-05-02 12:18:05,828.55
2022-05-02 12:18:06,828.55
2022-05-02 12:18:07,828.5
2022-05-02 12:18:08,828.5
2022-05-02 12:18:09,828.5
2022-05-02 12:18:10,828.45
2022-05-02 12:18:11,828.05
2022-05-02 12:18:12,828
2022-05-02 12:18:13,828
2022-05-02 12:18:14,828.3
2022-05-02 12:18:15,828.3
2022-05-02 12:18:45,828.75
2022-05-02 12:18:46,828.75
2022-05-02 12:18:47,828.75
2022-05-02 12:18:48,828.75
2022-05-02 12:18:49,828.75
2022-05-02 12:18:50,828.75
2022-05-02 12:18:51,828.75
2022-05-02 12:18:52,828.7
2022-05-02 12:18:53,828.7
2022-05-02 12:18:54,828.7
2022-05-02 12:18:55,828.7
2022-05-02 12:18:56,828.7
2022-05-02 12:18:57,828.7
2022-05-02 12:18:58,828.65
2022-05-02 12:18:59,828.65
2022-05-02 12:19:00,828.35
2022-05-02 12:19:01,828.35
2022-05-02 12:19:02,828.6
2022-05-02 12:19:03,828.35
2022-05-02 12:19:04,828.35
2022-05-02 12:19:05,828.35
2022-05-02 12:19:06,828.3
2022-05-02 12:19:07,828.3
2022-05-02 12:19:08,829.25
2022-05-02 12:19:09,829
2022-05-02 12:19:10,829.4
2022-05-02 12:19:11,829.05
2022-05-02 12:19:12,829.05
2022-05-02 12:19:13,829.05
2022-05-02 12:19:14,829.95
2022-05-02 12:19:46,829.6
2022-05-02 12:19:47,829.15
2022-05-02 12:19:48,829.4
2022-05-02 12:19:49,829.4
2022-05-02 12:19:50,829.1
2022-05-02 12:19:51,829.45
2022-05-02 12:19:52,829.4
2022-05-02 12:19:53,829.4
2022-05-02 12:19:54,829.35
2022-05-02 12:19:55,829.2
2022-05-02 12:19:56,829.9
2022-05-02 12:19:57,830
2022-05-02 12:19:58,829.95
2022-05-02 12:19:59,829.75
2022-05-02 12:20:00,829.75
2022-05-02 12:20:01,830
2022-05-02 12:20:02,830.25
2022-05-02 12:20:03,829.85
2022-05-02 12:20:04,830.05
2022-05-02 12:20:05,829.8
2022-05-02 12:20:06,829.8
2022-05-02 12:20:07,829.8
2022-05-02 12:20:08,830.05
2022-05-02 12:20:09,830.05
2022-05-02 12:20:10,830.2
2022-05-02 12:20:11,830.25
2022-05-02 12:20:12,830.3
2022-05-02 12:20:13,830.3
2022-05-02 12:20:14,830.3
2022-05-02 12:20:15,830.3
2022-05-02 12:20:45,831.35
2022-05-02 12:20:46,831.7
2022-05-02 12:20:47,831.7
2022-05-02 12:20:48,831.45
2022-05-02 12:20:49,831.1
2022-05-02 12:20:50,831.1
2022-05-02 12:20:51,831.3
2022-05-02 12:20:52,831.3
2022-05-02 12:20:53,831.1
2022-05-02 12:20:54,831.25
2022-05-02 12:20:55,831.25
2022-05-02 12:20:56,831.15
2022-05-02 12:20:57,831.7
2022-05-02 12:20:58,831.2
2022-05-02 12:20:59,831.2
2022-05-02 12:21:00,831.7
2022-05-02 12:21:01,831.7
2022-05-02 12:21:02,831.45
2022-05-02 12:21:03,831.65
2022-05-02 12:21:04,831.15
2022-05-02 12:21:05,831.15
2022-05-02 12:21:06,831.75
2022-05-02 12:21:07,831.4
2022-05-02 12:21:08,831.45
2022-05-02 12:21:09,831.4
2022-05-02 12:21:10,831.45
2022-05-02 12:21:11,831.45
2022-05-02 12:21:12,831.25
2022-05-02 12:21:13,831.25
2022-05-02 12:21:14,831.25
2022-05-02 12:21:46,832
2022-05-02 12:21:47,832
2022-05-02 12:21:48,832
2022-05-02 12:21:49,832.05
2022-05-02 12:21:50,832.45
2022-05-02 12:21:51,832.05
2022-05-02 12:21:52,832.05
2022-05-02 12:21:53,832.05
2022-05-02 12:21:54,832.4
2022-05-02 12:21:55,832.45
2022-05-02 12:21:56,832.4
2022-05-02 12:21:57,832.4
2022-05-02 12:21:58,832.1
2022-05-02 12:21:59,832.4
2022-05-02 12:22:00,832.55
2022-05-02 12:22:01,832.55
2022-05-02 12:22:02,832.55
2022-05-02 12:22:03,832.7
2022-05-02 12:22:04,832.5
2022-05-02 12:22:05,832.7
2022-05-02 12:22:06,832.55
2022-05-02 12:22:07,832.8
2022-05-02 12:22:08,833
2022-05-02 12:22:09,833
2022-05-02 12:22:10,833
2022-05-02 12:22:11,833.45
2022-05-02 12:22:12,833.05
2022-05-02 12:22:13,833.05
2022-05-02 12:22:14,833.2
2022-05-02 12:22:15,833.2
2022-05-02 12:22:45,833.9
2022-05-02 12:22:46,833.95
2022-05-02 12:22:47,833.95
2022-05-02 12:22:48,833.9
2022-05-02 12:22:49,833.7
2022-05-02 12:22:50,833.95
2022-05-02 12:22:51,833.95
2022-05-02 12:22:52,833.7
2022-05-02 12:22:53,833.9
2022-05-02 12:22:54,833.5
2022-05-02 12:22:55,833.9
2022-05-02 12:22:56,833.9
2022-05-02 12:22:57,833.9
2022-05-02 12:22:58,833.9
2022-05-02 12:22:59,833.9
2022-05-02 12:23:00,833.9
2022-05-02 12:23:01,833.8
2022-05-02 12:23:02,833.8
2022-05-02 12:23:03,833.7
2022-05-02 12:23:04,833.7
2022-05-02 12:23:05,833.9
2022-05-02 12:23:06,833.45
2022-05-02 12:23:07,833.9
2022-05-02 12:23:08,833.9
2022-05-02 12:23:09,833.9
2022-05-02 12:23:10,833.9
2022-05-02 12:23:11,833.8
2022-05-02 12:23:12,833.9
2022-05-02 12:23:13,833.8
2022-05-02 12:23:14,833.85
2022-05-02 12:23:46,834.25
2022-05-02 12:23:47,834.2
2022-05-02 12:23:48,834.2
2022-05-02 12:23:49,834.2
2022-05-02 12:23:50,834
2022-05-02 12:23:51,834
2022-05-02 12:23:52,834
2022-05-02 12:23:53,833.85
2022-05-02 12:23:54,833.85
2022-05-02 12:23:55,833.95
2022-05-02 12:23:56,833.95
2022-05-02 12:23:57,833.95
2022-05-02 12:23:58,833.6
2022-05-02 12:23:59,833.8
2022-05-02 12:24:00,832.7
2022-05-02 12:24:01,832.75
2022-05-02 12:24:02,832.65
2022-05-02 12:24:03,832.15
2022-05-02 12:24:04,832.4
2022-05-02 12:24:05,832.45
2022-05-02 12:24:06,832.45
2022-05-02 12:24:07,832.15
2022-05-02 12:24:08,832.65
2022-05-02 12:24:09,833.2
2022-05-02 12:24:10,832.65
2022-05-02 12:24:11,832.65
2022-05-02 12:24:12,832.65
2022-05-02 12:24:13,832.75
2022-05-02 12:24:14,832.75
2022-05-02 12:24:45,833.1
2022-05-02 12:24:46,833.1
2022-05-02 12:24:47,833.1
2022-05-02 12:24:48,833.1
2022-05-02 12:24:49,833.1
2022-05-02 12:24:50,833.1
2022-05-02 12:24:51,833
2022-05-02 12:24:52,832.65
2022-05-02 12:24:53,832.7
2022-05-02 12:24:54,832.95
2022-05-02 12:24:55,832.95
2022-05-02 12:24:56,832.65
2022-05-02 12:24:57,832.8
2022-05-02 12:24:58,832.95
2022-05-02 12:24:59,832.65
2022-05-02 12:25:00,832.65
2022-05-02 12:25:01,832.65
2022-05-02 12:25:02,832.65
2022-05-02 12:25:03,832.65
2022-05-02 12:25:04,832.65
2022-05-02 12:25:05,832.65
2022-05-02 12:25:06,832.6
2022-05-02 12:25:07,832.6
2022-05-02 12:25:08,832.6
2022-05-02 12:25:09,833
2022-05-02 12:25:10,833.3
2022-05-02 12:25:11,833
2022-05-02 12:25:13,832.9
2022-05-02 12:25:15,832.85
2022-05-02 12:25:16,832.55
2022-05-02 12:25:17,833.1
2022-05-02 12:25:18,833
2022-05-02 12:25:19,832.65
2022-05-02 12:25:20,832.65
2022-05-02 12:25:21,832.65
2022-05-02 12:25:22,832.85
2022-05-02 12:25:23,833
2022-05-02 12:25:24,833
2022-05-02 12:25:25,832.9
2022-05-02 12:25:26,832.9
2022-05-02 12:25:27,832.9
2022-05-02 12:25:28,832.65
2022-05-02 12:25:29,832.65
2022-05-02 12:25:30,832.9
2022-05-02 12:25:31,832.9
2022-05-02 12:25:32,832.85
2022-05-02 12:25:34,832.65
2022-05-02 12:25:35,832.8
2022-05-02 12:25:36,832.9
2022-05-02 12:25:38,833
2022-05-02 12:25:39,832.65
2022-05-02 12:25:40,833
2022-05-02 12:25:41,832.85
2022-05-02 12:25:42,833.3
2022-05-02 12:25:43,833.3
2022-05-02 12:25:44,833
2022-05-02 12:26:16,830.7
2022-05-02 12:26:17,830.7
2022-05-02 12:26:18,830.7
2022-05-02 12:26:19,830.7
2022-05-02 12:26:20,830.7
2022-05-02 12:26:21,830.7
2022-05-02 12:26:23,830.7
2022-05-02 12:26:25,830.4
2022-05-02 12:26:26,830.4
2022-05-02 12:26:27,830.35
2022-05-02 12:26:28,830.6
2022-05-02 12:26:29,830.6
2022-05-02 12:26:30,830.5
2022-05-02 12:26:32,830.5
2022-05-02 12:26:33,830.5
2022-05-02 12:26:34,830.1
2022-05-02 12:26:35,830.1
2022-05-02 12:26:36,829.85
2022-05-02 12:26:37,830.15
2022-05-02 12:26:38,829.85
2022-05-02 12:26:39,830.4
2022-05-02 12:26:40,829.75
2022-05-02 12:26:41,829.85
2022-05-02 12:26:43,829.35
2022-05-02 12:26:44,829.35
2022-05-02 12:26:45,829.4
2022-05-02 12:27:16,828.45
2022-05-02 12:27:17,828.65
2022-05-02 12:27:18,828.9
2022-05-02 12:27:20,828.35
2022-05-02 12:27:21,828.35
2022-05-02 12:27:22,828.75
2022-05-02 12:27:23,828.15
2022-05-02 12:27:24,828.4
2022-05-02 12:27:25,828.4
2022-05-02 12:27:27,828.35
2022-05-02 12:27:28,828.15
2022-05-02 12:27:29,828.35
2022-05-02 12:27:30,828.35
2022-05-02 12:27:31,828.35
2022-05-02 12:27:32,828.2
2022-05-02 12:27:33,828.15
2022-05-02 12:27:34,828.35
2022-05-02 12:27:36,828.35
2022-05-02 12:27:37,828
2022-05-02 12:27:38,828.35
2022-05-02 12:27:39,828.35
2022-05-02 12:27:40,828
2022-05-02 12:27:42,828
2022-05-02 12:27:43,828
2022-05-02 12:27:44,828
2022-05-02 12:27:45,828
2022-05-02 12:28:16,827.45
2022-05-02 12:28:17,827.75
2022-05-02 12:28:18,827.45
2022-05-02 12:28:19,827.45
2022-05-02 12:28:20,827.45
2022-05-02 12:28:21,827.85
2022-05-02 12:28:22,827.65
2022-05-02 12:28:24,827.3
2022-05-02 12:28:25,827.45
2022-05-02 12:28:26,827.4
2022-05-02 12:28:28,827.5
2022-05-02 12:28:29,827.6
2022-05-02 12:28:30,827.6
2022-05-02 12:28:31,827.6
2022-05-02 12:28:32,827.5
2022-05-02 12:28:33,827.5
2022-05-02 12:28:34,827.5
2022-05-02 12:28:35,827.5
2022-05-02 12:28:36,827.25
2022-05-02 12:28:38,827.5
2022-05-02 12:28:39,827.45
2022-05-02 12:28:40,827.45
2022-05-02 12:28:41,827.45
2022-05-02 12:28:42,827.45
2022-05-02 12:28:43,827.45
2022-05-02 12:28:44,827.5
2022-05-02 12:28:45,827.05
2022-05-02 12:28:46,827.15
2022-05-02 12:28:47,827.3
2022-05-02 12:28:48,827.15
2022-05-02 12:28:49,827.3
2022-05-02 12:28:50,827.15
2022-05-02 12:28:52,827.25
2022-05-02 12:28:53,827.25
2022-05-02 12:28:54,827.3
2022-05-02 12:28:55,827.05
2022-05-02 12:28:56,827.15
2022-05-02 12:28:57,827.15
2022-05-02 12:28:58,827.4
2022-05-02 12:28:59,827
2022-05-02 12:29:00,827.2
2022-05-02 12:29:02,827
2022-05-02 12:29:03,827
2022-05-02 12:29:04,827.2
2022-05-02 12:29:05,827.2
2022-05-02 12:29:06,827.15
2022-05-02 12:29:07,827.55
2022-05-02 12:29:08,827.25
2022-05-02 12:29:09,827.25
2022-05-02 12:29:11,827.3
2022-05-02 12:29:12,827.3
2022-05-02 12:29:13,827.45
2022-05-02 12:29:14,827.45
2022-05-02 12:29:45,828.9
2022-05-02 12:29:46,828.95
2022-05-02 12:29:48,829.3
2022-05-02 12:29:49,829.3
2022-05-02 12:29:50,829.5
2022-05-02 12:29:52,829.5
2022-05-02 12:29:53,829.85
2022-05-02 12:29:54,829.8
2022-05-02 12:29:55,829.7
2022-05-02 12:29:56,829.7
2022-05-02 12:29:57,829.7
2022-05-02 12:29:58,829.7
2022-05-02 12:29:59,829.75
2022-05-02 12:30:00,829.75
2022-05-02 12:30:01,829.75
2022-05-02 12:30:03,829.75
2022-05-02 12:30:04,829.75
2022-05-02 12:30:05,829.75
2022-05-02 12:30:06,829.5
2022-05-02 12:30:07,829.3
2022-05-02 12:30:08,829.95
2022-05-02 12:30:09,829.9
2022-05-02 12:30:10,829.4
2022-05-02 12:30:11,829.4
2022-05-02 12:30:12,829.75
2022-05-02 12:30:14,829.55
2022-05-02 12:30:15,829.55
2022-05-02 12:30:46,829.35
2022-05-02 12:30:47,829.65
2022-05-02 12:30:48,829.6
2022-05-02 12:30:49,829.2
2022-05-02 12:30:50,829.2
2022-05-02 12:30:51,829.6
2022-05-02 12:30:52,829.2
2022-05-02 12:30:54,829.35
2022-05-02 12:30:55,829
2022-05-02 12:30:56,829
2022-05-02 12:30:57,829
2022-05-02 12:30:58,829.45
2022-05-02 12:30:59,829.45
2022-05-02 12:31:01,828.6
2022-05-02 12:31:02,828.8
2022-05-02 12:31:03,828.5
2022-05-02 12:31:04,828.5
2022-05-02 12:31:06,828.8
2022-05-02 12:31:07,828.5
2022-05-02 12:31:08,828.5
2022-05-02 12:31:09,828.5
2022-05-02 12:31:10,828.9
2022-05-02 12:31:11,828.55
2022-05-02 12:31:12,828.5
2022-05-02 12:31:13,828.5
2022-05-02 12:31:14,828.5
2022-05-02 12:31:46,829.55
2022-05-02 12:31:47,829.55
2022-05-02 12:31:48,829.8
2022-05-02 12:31:49,829.65
2022-05-02 12:31:51,829.8
2022-05-02 12:31:52,829.75
2022-05-02 12:31:53,829.8
2022-05-02 12:31:54,829.75
2022-05-02 12:31:56,829.75
2022-05-02 12:31:57,829.75
2022-05-02 12:31:58,829.75
2022-05-02 12:31:59,829.75
2022-05-02 12:32:00,829.8
2022-05-02 12:32:01,829.75
2022-05-02 12:32:02,829.75
2022-05-02 12:32:04,830.15
2022-05-02 12:32:05,829.8
2022-05-02 12:32:06,829.8
2022-05-02 12:32:07,829.75
2022-05-02 12:32:08,830
2022-05-02 12:32:09,829.9
2022-05-02 12:32:11,829.9
2022-05-02 12:32:12,830
2022-05-02 12:32:13,829.85
2022-05-02 12:32:14,829.85
2022-05-02 12:32:46,830.25
2022-05-02 12:32:47,830.25
2022-05-02 12:32:48,830.25
2022-05-02 12:32:49,830.25
2022-05-02 12:32:50,830.25
2022-05-02 12:32:52,830.5
2022-05-02 12:32:53,830.45
2022-05-02 12:32:54,830.4
2022-05-02 12:32:55,831
2022-05-02 12:32:56,830.4
2022-05-02 12:32:57,830.95
2022-05-02 12:32:59,830.4
2022-05-02 12:33:00,830.4
2022-05-02 12:33:01,830.5
2022-05-02 12:33:02,830.95
2022-05-02 12:33:03,830.95
2022-05-02 12:33:04,830.5
2022-05-02 12:33:06,830.9
2022-05-02 12:33:07,830.5
2022-05-02 12:33:08,830.5
2022-05-02 12:33:09,830.9
2022-05-02 12:33:10,830.6
2022-05-02 12:33:11,830.95
2022-05-02 12:33:12,830.9
2022-05-02 12:33:13,830.6
2022-05-02 12:33:14,830.85
2022-05-02 12:33:45,830.6
2022-05-02 12:33:46,830.6
2022-05-02 12:33:47,830.6
2022-05-02 12:33:48,830.6
2022-05-02 12:33:50,831
2022-05-02 12:33:51,831
2022-05-02 12:33:52,830.5
2022-05-02 12:33:53,830.55
2022-05-02 12:33:54,830.55
2022-05-02 12:33:55,831
2022-05-02 12:33:56,831
2022-05-02 12:33:57,830.55
2022-05-02 12:33:58,830.65
2022-05-02 12:33:59,830.65
2022-05-02 12:34:00,830.65
2022-05-02 12:34:02,830.65
2022-05-02 12:34:03,830.95
2022-05-02 12:34:04,830.65
2022-05-02 12:34:05,830.65
2022-05-02 12:34:06,830.65
2022-05-02 12:34:08,830.95
2022-05-02 12:34:09,830.95
2022-05-02 12:34:10,831
2022-05-02 12:34:11,830.95
2022-05-02 12:34:12,831
2022-05-02 12:34:13,831
2022-05-02 12:34:14,830.7
2022-05-02 12:34:45,831.5
2022-05-02 12:34:46,831.2
2022-05-02 12:34:48,831.2
2022-05-02 12:34:49,831.55
2022-05-02 12:34:50,831.55
2022-05-02 12:34:51,831.6
2022-05-02 12:34:53,831.2
2022-05-02 12:34:54,831.2
2022-05-02 12:34:55,831.2
2022-05-02 12:34:56,831.2
2022-05-02 12:34:57,831.2
2022-05-02 12:34:58,831.2
2022-05-02 12:35:00,831.5
2022-05-02 12:35:01,831.2
2022-05-02 12:35:02,831.5
2022-05-02 12:35:03,830.85
2022-05-02 12:35:04,830.9
2022-05-02 12:35:05,831.2
2022-05-02 12:35:06,831
2022-05-02 12:35:07,831
2022-05-02 12:35:09,831.8
2022-05-02 12:35:10,831.6
2022-05-02 12:35:11,831.4
2022-05-02 12:35:12,831.45
2022-05-02 12:35:13,831.45
2022-05-02 12:35:14,831.45
2022-05-02 12:35:46,831.4
2022-05-02 12:35:48,831.4
2022-05-02 12:35:50,831
2022-05-02 12:35:51,831
2022-05-02 12:35:52,831
2022-05-02 12:35:53,831
2022-05-02 12:35:54,831
2022-05-02 12:35:55,831
2022-05-02 12:35:56,831.4
2022-05-02 12:35:57,831.05
2022-05-02 12:35:58,831.05
2022-05-02 12:35:59,831
2022-05-02 12:36:00,830.8
2022-05-02 12:36:01,830.8
2022-05-02 12:36:02,830.8
2022-05-02 12:36:03,830.8
2022-05-02 12:36:04,831
2022-05-02 12:36:05,830.8
2022-05-02 12:36:06,830.8
2022-05-02 12:36:07,830.75
2022-05-02 12:36:08,830.75
2022-05-02 12:36:09,830.8
2022-05-02 12:36:10,831
2022-05-02 12:36:11,830.9
2022-05-02 12:36:12,830.9
2022-05-02 12:36:13,830.9
2022-05-02 12:36:14,831
2022-05-02 12:36:46,830.8
2022-05-02 12:36:47,830.8
2022-05-02 12:36:49,830.75
2022-05-02 12:36:50,830.75
2022-05-02 12:36:52,830.75
2022-05-02 12:36:53,830.75
2022-05-02 12:36:55,830.75
2022-05-02 12:36:56,831
2022-05-02 12:36:57,830.8
2022-05-02 12:36:58,831
2022-05-02 12:36:59,831
2022-05-02 12:37:00,830.8
2022-05-02 12:37:02,831
2022-05-02 12:37:03,831
2022-05-02 12:37:04,830.7
2022-05-02 12:37:05,830.75
2022-05-02 12:37:06,830.75
2022-05-02 12:37:07,830.75
2022-05-02 12:37:08,830.75
2022-05-02 12:37:09,830.75
2022-05-02 12:37:10,830.75
2022-05-02 12:37:11,831
2022-05-02 12:37:13,830.85
2022-05-02 12:37:14,831.05
2022-05-02 12:37:15,830.85
2022-05-02 12:37:47,830.5
2022-05-02 12:37:48,830.55
2022-05-02 12:37:50,830.75
2022-05-02 12:37:51,830.65
2022-05-02 12:37:52,830.65
2022-05-02 12:37:53,830.6
2022-05-02 12:37:54,830.6
2022-05-02 12:37:55,830.6
2022-05-02 12:37:57,830.6
2022-05-02 12:37:58,830.6
2022-05-02 12:37:59,830.6
2022-05-02 12:38:00,830.6
2022-05-02 12:38:02,830.5
2022-05-02 12:38:03,830.7
2022-05-02 12:38:04,830.5
2022-05-02 12:38:05,830.5
2022-05-02 12:38:06,830.5
2022-05-02 12:38:07,830.2
2022-05-02 12:38:08,830.25
2022-05-02 12:38:09,830.25
2022-05-02 12:38:10,830.2
2022-05-02 12:38:11,830.7
2022-05-02 12:38:12,830.75
2022-05-02 12:38:13,830.3
2022-05-02 12:38:14,830.3
2022-05-02 12:38:46,830.1
2022-05-02 12:38:47,830.55
2022-05-02 12:38:48,830.55
2022-05-02 12:38:49,830.25
2022-05-02 12:38:50,830.25
2022-05-02 12:38:51,830.7
2022-05-02 12:38:52,830.25
2022-05-02 12:38:53,830.1
2022-05-02 12:38:54,830.1
2022-05-02 12:38:55,830.1
2022-05-02 12:38:56,830.1
2022-05-02 12:38:58,830.55
2022-05-02 12:38:59,830.15
2022-05-02 12:39:00,830.1
2022-05-02 12:39:01,830.1
2022-05-02 12:39:02,830.55
2022-05-02 12:39:03,830.15
2022-05-02 12:39:04,830.15
2022-05-02 12:39:05,830.5
2022-05-02 12:39:06,830.5
2022-05-02 12:39:07,830.15
2022-05-02 12:39:08,830.5
2022-05-02 12:39:09,830.5
2022-05-02 12:39:10,830.25
2022-05-02 12:39:11,830.2
2022-05-02 12:39:12,830.2
2022-05-02 12:39:13,830.2
2022-05-02 12:39:14,830.2
2022-05-02 12:39:46,830.95
2022-05-02 12:39:47,830.6
2022-05-02 12:39:48,830.5
2022-05-02 12:39:49,830.5
2022-05-02 12:39:50,830.7
2022-05-02 12:39:51,830.7
2022-05-02 12:39:52,830.7
2022-05-02 12:39:54,830.7
2022-05-02 12:39:55,830.7
2022-05-02 12:39:57,830.7
2022-05-02 12:39:58,830.65
2022-05-02 12:39:59,830.85
2022-05-02 12:40:00,830.6
2022-05-02 12:40:02,830.95
2022-05-02 12:40:03,830.9
2022-05-02 12:40:04,830.55
2022-05-02 12:40:05,830.55
2022-05-02 12:40:07,830.9
2022-05-02 12:40:08,830.9
2022-05-02 12:40:09,830.9
2022-05-02 12:40:12,830.75
2022-05-02 12:40:15,830.75
2022-05-02 12:40:47,830.65
2022-05-02 12:40:50,830.65
2022-05-02 12:40:53,830.9
2022-05-02 12:40:56,831
2022-05-02 12:40:58,831.3
2022-05-02 12:41:01,831
2022-05-02 12:41:04,831
2022-05-02 12:41:08,831
2022-05-02 12:41:11,831
2022-05-02 12:41:14,831.4
2022-05-02 12:41:47,831.1
2022-05-02 12:41:50,831.35
2022-05-02 12:41:53,831.35
2022-05-02 12:41:55,831.1
2022-05-02 12:41:57,831.25
2022-05-02 12:42:00,831.25
2022-05-02 12:42:03,831.1
2022-05-02 12:42:05,831.35
2022-05-02 12:42:07,831.05
2022-05-02 12:42:09,831.55
2022-05-02 12:42:12,831.15
2022-05-02 12:42:14,831.1
2022-05-02 12:42:49,831.1
2022-05-02 12:42:53,831.1
2022-05-02 12:42:56,831.1
2022-05-02 12:42:59,831.05
2022-05-02 12:43:03,831.05
2022-05-02 12:43:07,831.45
2022-05-02 12:43:10,831
2022-05-02 12:43:12,831
2022-05-02 12:43:45,831.4
2022-05-02 12:43:48,831
2022-05-02 12:43:51,831
2022-05-02 12:43:55,830.95
2022-05-02 12:43:57,830.95
2022-05-02 12:44:00,831
2022-05-02 12:44:03,831
2022-05-02 12:44:07,831.15
2022-05-02 12:44:10,831.7
2022-05-02 12:44:12,831.15
2022-05-02 12:44:15,831.2
2022-05-02 12:44:46,831.25
2022-05-02 12:44:49,831.25
2022-05-02 12:44:52,831.15
2022-05-02 12:44:54,831.15
2022-05-02 12:44:57,831.15
2022-05-02 12:45:01,831.2
2022-05-02 12:45:04,831.2
2022-05-02 12:45:08,831.15
2022-05-02 12:45:11,831.2
2022-05-02 12:45:14,831.15
2022-05-02 12:45:47,831.45
2022-05-02 12:45:50,831.45
2022-05-02 12:45:53,831.1
2022-05-02 12:45:56,831.1
2022-05-02 12:46:00,831.5
2022-05-02 12:46:05,831.1
2022-05-02 12:46:08,831.4
2022-05-02 12:46:10,831.5
2022-05-02 12:46:13,831.15
2022-05-02 12:46:49,831
2022-05-02 12:46:53,831
2022-05-02 12:46:57,830.95
2022-05-02 12:47:01,831
2022-05-02 12:47:05,831
2022-05-02 12:47:08,831
2022-05-02 12:47:11,830.95
2022-05-02 12:47:14,830.95
2022-05-02 12:47:49,830.7
2022-05-02 12:47:52,830.8
2022-05-02 12:47:55,830.7
2022-05-02 12:47:58,831
2022-05-02 12:48:00,831
2022-05-02 12:48:03,831
2022-05-02 12:48:07,831.6
2022-05-02 12:48:10,831.4
2022-05-02 12:48:13,832
2022-05-02 12:48:45,832.25
2022-05-02 12:48:49,832
2022-05-02 12:48:52,832.4
2022-05-02 12:48:55,832
2022-05-02 12:48:58,832.2
2022-05-02 12:49:01,832.2
2022-05-02 12:49:04,832.1
2022-05-02 12:49:08,832.15
2022-05-02 12:49:11,832.35
2022-05-02 12:49:15,832.1
2022-05-02 12:49:47,832.95
2022-05-02 12:49:51,832.65
2022-05-02 12:49:54,833
2022-05-02 12:49:57,832.55
2022-05-02 12:50:00,832.9
2022-05-02 12:50:03,833
2022-05-02 12:50:05,832.85
2022-05-02 12:50:08,832.9
2022-05-02 12:50:09,832.85
2022-05-02 12:50:10,832.55
2022-05-02 12:50:11,832.5
2022-05-02 12:50:12,832.9
2022-05-02 12:50:13,832.95
2022-05-02 12:50:15,832.95
2022-05-02 12:50:46,832.5
2022-05-02 12:50:47,832.5
2022-05-02 12:50:48,832.5
2022-05-02 12:50:49,832.8
2022-05-02 12:50:50,832.5
2022-05-02 12:50:51,832.5
2022-05-02 12:50:52,832.5
2022-05-02 12:50:54,832.5
2022-05-02 12:50:55,832.5
2022-05-02 12:50:56,832.45
2022-05-02 12:50:57,832.25
2022-05-02 12:50:58,832.4
2022-05-02 12:50:59,832.25
2022-05-02 12:51:00,832.15
2022-05-02 12:51:01,832.5
2022-05-02 12:51:02,832.5
2022-05-02 12:51:03,832.2
2022-05-02 12:51:04,832.2
2022-05-02 12:51:05,832.2
2022-05-02 12:51:06,832.65
2022-05-02 12:51:07,832.2
2022-05-02 12:51:08,832.2
2022-05-02 12:51:09,832.2
2022-05-02 12:51:10,832.65
2022-05-02 12:51:11,832.7
2022-05-02 12:51:12,832.85
2022-05-02 12:51:13,832.55
2022-05-02 12:51:15,832.55
2022-05-02 12:51:46,832.3
2022-05-02 12:51:47,832.3
2022-05-02 12:51:48,832.3
2022-05-02 12:51:49,832.3
2022-05-02 12:51:50,832.3
2022-05-02 12:51:51,832.3
2022-05-02 12:51:52,832.45
2022-05-02 12:51:53,832.3
2022-05-02 12:51:54,832.3
2022-05-02 12:51:55,832.2
2022-05-02 12:51:56,832.3
2022-05-02 12:51:58,832.2
2022-05-02 12:51:59,832.3
2022-05-02 12:52:00,832.3
2022-05-02 12:52:01,832
2022-05-02 12:52:02,832
2022-05-02 12:52:03,832.3
2022-05-02 12:52:04,832
2022-05-02 12:52:05,832.25
2022-05-02 12:52:06,832
2022-05-02 12:52:07,832
2022-05-02 12:52:08,832
2022-05-02 12:52:09,832
2022-05-02 12:52:10,832
2022-05-02 12:52:11,832.3
2022-05-02 12:52:12,832.05
2022-05-02 12:52:13,832.05
2022-05-02 12:52:14,832.05
2022-05-02 12:52:46,832.4
2022-05-02 12:52:47,832.4
2022-05-02 12:52:48,832.5
2022-05-02 12:52:49,832.7
2022-05-02 12:52:50,832.3
2022-05-02 12:52:51,832.3
2022-05-02 12:52:52,832.3
2022-05-02 12:52:53,832.3
2022-05-02 12:52:54,832.3
2022-05-02 12:52:55,832.65
2022-05-02 12:52:56,832.3
2022-05-02 12:52:57,832.3
2022-05-02 12:52:58,832.1
2022-05-02 12:52:59,832
2022-05-02 12:53:00,832
2022-05-02 12:53:01,832.05
2022-05-02 12:53:02,832.05
2022-05-02 12:53:04,832.05
2022-05-02 12:53:05,832.05
2022-05-02 12:53:06,832.35
2022-05-02 12:53:07,832
2022-05-02 12:53:08,832
2022-05-02 12:53:09,832
2022-05-02 12:53:10,832
2022-05-02 12:53:11,832
2022-05-02 12:53:12,832
2022-05-02 12:53:13,832
2022-05-02 12:53:14,832.3
2022-05-02 12:53:15,832.3
2022-05-02 12:53:46,832.05
2022-05-02 12:53:47,832.3
2022-05-02 12:53:48,832.05
2022-05-02 12:53:49,832.05
2022-05-02 12:53:50,832.05
2022-05-02 12:53:51,831.55
2022-05-02 12:53:52,831.5
2022-05-02 12:53:53,831.7
2022-05-02 12:53:54,831.7
2022-05-02 12:53:55,831.4
2022-05-02 12:53:56,831.15
2022-05-02 12:53:57,831.35
2022-05-02 12:53:58,831.15
2022-05-02 12:53:59,831.35
2022-05-02 12:54:00,831.15
2022-05-02 12:54:01,831.15
2022-05-02 12:54:02,831.15
2022-05-02 12:54:03,831.15
2022-05-02 12:54:04,831.2
2022-05-02 12:54:05,831.3
2022-05-02 12:54:06,831.7
2022-05-02 12:54:07,831.3
2022-05-02 12:54:08,831.25
2022-05-02 12:54:09,831.25
2022-05-02 12:54:10,831.25
2022-05-02 12:54:11,831.1
2022-05-02 12:54:12,831
2022-05-02 12:54:13,831
2022-05-02 12:54:14,831
2022-05-02 12:54:15,831.25
2022-05-02 12:54:16,831
2022-05-02 12:54:17,831
2022-05-02 12:54:18,831.25
2022-05-02 12:54:19,831.25
2022-05-02 12:54:20,831
2022-05-02 12:54:21,831
2022-05-02 12:54:22,831
2022-05-02 12:54:23,831.1
2022-05-02 12:54:24,831.05
2022-05-02 12:54:25,831.25
2022-05-02 12:54:26,831.05
2022-05-02 12:54:27,831.25
2022-05-02 12:54:28,831.3
2022-05-02 12:54:29,831
2022-05-02 12:54:30,831.05
2022-05-02 12:54:31,831
2022-05-02 12:54:32,831
2022-05-02 12:54:33,831
2022-05-02 12:54:34,831
2022-05-02 12:54:35,831.05
2022-05-02 12:54:36,831.05
2022-05-02 12:54:37,831.05
2022-05-02 12:54:38,831.05
2022-05-02 12:54:39,831.3
2022-05-02 12:54:40,831.35
2022-05-02 12:54:41,831.3
2022-05-02 12:54:42,831.3
2022-05-02 12:54:43,831.5
2022-05-02 12:54:44,831.45
2022-05-02 12:54:45,831.3
2022-05-02 12:54:46,831.3
2022-05-02 12:54:47,831.3
2022-05-02 12:54:48,831.45
2022-05-02 12:54:49,831.3
2022-05-02 12:54:50,831.3
2022-05-02 12:54:51,831.25
2022-05-02 12:54:52,831.25
2022-05-02 12:54:53,831.25
2022-05-02 12:54:54,831.25
2022-05-02 12:54:55,831.25
2022-05-02 12:54:56,831.3
2022-05-02 12:54:57,831.25
2022-05-02 12:54:58,831.25
2022-05-02 12:54:59,831.25
2022-05-02 12:55:00,831.25
2022-05-02 12:55:01,831.25
2022-05-02 12:55:02,831.25
2022-05-02 12:55:03,831.25
2022-05-02 12:55:04,831.05
2022-05-02 12:55:05,831.25
2022-05-02 12:55:06,831.1
2022-05-02 12:55:07,831.1
2022-05-02 12:55:08,831.1
2022-05-02 12:55:09,831.1
2022-05-02 12:55:10,830.5
2022-05-02 12:55:11,830.35
2022-05-02 12:55:12,830.35
2022-05-02 12:55:13,830.75
2022-05-02 12:55:14,830.75
2022-05-02 12:55:15,830.8
2022-05-02 12:55:16,830.8
2022-05-02 12:55:17,830.8
2022-05-02 12:55:18,830.8
2022-05-02 12:55:19,830.75
2022-05-02 12:55:20,831
2022-05-02 12:55:21,830.75
2022-05-02 12:55:22,830.75
2022-05-02 12:55:23,830.75
2022-05-02 12:55:24,831
2022-05-02 12:55:25,830.75
2022-05-02 12:55:26,830.75
2022-05-02 12:55:27,830.75
2022-05-02 12:55:28,830.75
2022-05-02 12:55:29,830.75
2022-05-02 12:55:30,830.85
2022-05-02 12:55:31,830.4
2022-05-02 12:55:32,830.7
2022-05-02 12:55:33,830.7
2022-05-02 12:55:34,830.4
2022-05-02 12:55:35,830.7
2022-05-02 12:55:36,830.5
2022-05-02 12:55:37,830.5
2022-05-02 12:55:38,830.5
2022-05-02 12:55:39,830.5
2022-05-02 12:55:40,830.7
2022-05-02 12:55:41,830.5
2022-05-02 12:55:42,830.5
2022-05-02 12:55:43,830.4
2022-05-02 12:55:44,830.1
2022-05-02 12:55:45,830.15
2022-05-02 12:56:16,830.15
2022-05-02 12:56:17,830.4
2022-05-02 12:56:18,830.25
2022-05-02 12:56:19,830.35
2022-05-02 12:56:20,830.2
2022-05-02 12:56:21,830.15
2022-05-02 12:56:22,830.25
2022-05-02 12:56:23,830.1
2022-05-02 12:56:24,830.1
2022-05-02 12:56:25,830.05
2022-05-02 12:56:26,830
2022-05-02 12:56:27,830.45
2022-05-02 12:56:28,830.45
2022-05-02 12:56:29,830
2022-05-02 12:56:30,830
2022-05-02 12:56:31,829.55
2022-05-02 12:56:32,830.35
2022-05-02 12:56:33,830
2022-05-02 12:56:34,830
2022-05-02 12:56:35,830
2022-05-02 12:56:36,830
2022-05-02 12:56:37,830
2022-05-02 12:56:38,829.75
2022-05-02 12:56:39,829.65
2022-05-02 12:56:40,829.65
2022-05-02 12:56:41,829.65
2022-05-02 12:56:42,829.65
2022-05-02 12:56:43,829.65
2022-05-02 12:56:44,829.65
2022-05-02 12:56:45,829.65
2022-05-02 12:56:46,829.65
2022-05-02 12:56:47,829.65
2022-05-02 12:56:48,829.95
2022-05-02 12:56:49,829.95
2022-05-02 12:56:50,829.95
2022-05-02 12:56:51,829.95
2022-05-02 12:56:52,829.95
2022-05-02 12:56:53,829.75
2022-05-02 12:56:54,829.9
2022-05-02 12:56:55,829.75
2022-05-02 12:56:56,830
2022-05-02 12:56:57,830.05
2022-05-02 12:56:58,829.55
2022-05-02 12:56:59,829.55
2022-05-02 12:57:00,829.55
2022-05-02 12:57:01,829.55
2022-05-02 12:57:02,829.75
2022-05-02 12:57:03,829.75
2022-05-02 12:57:04,829.2
2022-05-02 12:57:05,828.75
2022-05-02 12:57:06,828.65
2022-05-02 12:57:07,828.65
2022-05-02 12:57:08,828.65
2022-05-02 12:57:09,828.6
2022-05-02 12:57:10,828.7
2022-05-02 12:57:11,828.7
2022-05-02 12:57:12,828.4
2022-05-02 12:57:13,828.5
2022-05-02 12:57:14,828.45
2022-05-02 12:57:15,828.9
2022-05-02 12:57:16,829
2022-05-02 12:57:17,828.7
2022-05-02 12:57:18,828.75
2022-05-02 12:57:19,828.8
2022-05-02 12:57:20,828.8
2022-05-02 12:57:21,828.8
2022-05-02 12:57:22,828.8
2022-05-02 12:57:23,829
2022-05-02 12:57:24,829
2022-05-02 12:57:25,829
2022-05-02 12:57:26,829
2022-05-02 12:57:27,828.7
2022-05-02 12:57:28,828.95
2022-05-02 12:57:29,828.45
2022-05-02 12:57:30,828.45
2022-05-02 12:57:31,828.45
2022-05-02 12:57:32,828.85
2022-05-02 12:57:33,828.85
2022-05-02 12:57:34,828.85
2022-05-02 12:57:35,828.7
2022-05-02 12:57:36,829
2022-05-02 12:57:37,828.7
2022-05-02 12:57:38,829
2022-05-02 12:57:39,829
2022-05-02 12:57:40,829
2022-05-02 12:57:41,828.7
2022-05-02 12:57:42,828.7
2022-05-02 12:57:43,828.7
2022-05-02 12:57:44,828.3
2022-05-02 12:57:45,828.3
2022-05-02 12:57:46,828.7
2022-05-02 12:57:47,828.7
2022-05-02 12:57:48,828.3
2022-05-02 12:57:49,828.3
2022-05-02 12:57:50,828.7
2022-05-02 12:57:51,828.95
2022-05-02 12:57:52,829
2022-05-02 12:57:53,829
2022-05-02 12:57:54,829.2
2022-05-02 12:57:55,829.2
2022-05-02 12:57:56,829.2
2022-05-02 12:57:57,829.2
2022-05-02 12:57:58,829.2
2022-05-02 12:57:59,829.45
2022-05-02 12:58:00,829.65
2022-05-02 12:58:01,829.65
2022-05-02 12:58:02,829.65
2022-05-02 12:58:03,829.6
2022-05-02 12:58:04,829.6
2022-05-02 12:58:05,829.6
2022-05-02 12:58:06,829.2
2022-05-02 12:58:07,829.2
2022-05-02 12:58:08,828.95
2022-05-02 12:58:09,828.95
2022-05-02 12:58:10,828.95
2022-05-02 12:58:11,828.95
2022-05-02 12:58:12,829.1
2022-05-02 12:58:13,829.1
2022-05-02 12:58:14,829.1
2022-05-02 12:58:15,829.65
2022-05-02 12:58:46,829.2
2022-05-02 12:58:47,829.2
2022-05-02 12:58:48,829.75
2022-05-02 12:58:49,829.35
2022-05-02 12:58:50,829.35
2022-05-02 12:58:51,829.35
2022-05-02 12:58:52,829.35
2022-05-02 12:58:53,829.55
2022-05-02 12:58:54,829.55
2022-05-02 12:58:55,829.55
2022-05-02 12:58:56,829.75
2022-05-02 12:58:57,829.75
2022-05-02 12:58:58,829.75
2022-05-02 12:58:59,829.5
2022-05-02 12:59:00,829.5
2022-05-02 12:59:01,829.5
2022-05-02 12:59:02,829.5
2022-05-02 12:59:03,829.65
2022-05-02 12:59:04,829.65
2022-05-02 12:59:05,829.65
2022-05-02 12:59:06,829.65
2022-05-02 12:59:07,829.65
2022-05-02 12:59:08,830.3
2022-05-02 12:59:09,830
2022-05-02 12:59:10,830
2022-05-02 12:59:11,830
2022-05-02 12:59:12,830
2022-05-02 12:59:13,830
2022-05-02 12:59:14,830
2022-05-02 12:59:15,829.75
2022-05-02 12:59:16,829.75
2022-05-02 12:59:17,829.75
2022-05-02 12:59:18,829.75
2022-05-02 12:59:19,829.75
2022-05-02 12:59:20,829.75
2022-05-02 12:59:21,829.25
2022-05-02 12:59:22,829.25
2022-05-02 12:59:23,829.25
2022-05-02 12:59:24,829.05
2022-05-02 12:59:25,829.05
2022-05-02 12:59:26,829.05
2022-05-02 12:59:27,829.05
2022-05-02 12:59:28,829.05
2022-05-02 12:59:29,829
2022-05-02 12:59:30,829
2022-05-02 12:59:31,829.25
2022-05-02 12:59:32,829
2022-05-02 12:59:33,829
2022-05-02 12:59:34,829
2022-05-02 12:59:35,829
2022-05-02 12:59:36,829.35
2022-05-02 12:59:37,829.35
2022-05-02 12:59:38,829.1
2022-05-02 12:59:39,829.1
2022-05-02 12:59:40,829
2022-05-02 12:59:41,829.3
2022-05-02 12:59:42,829
2022-05-02 12:59:43,829
2022-05-02 12:59:44,829.2
2022-05-02 12:59:45,829.2
2022-05-02 12:59:46,829.2
2022-05-02 12:59:47,829.2
2022-05-02 12:59:48,829
2022-05-02 12:59:49,829
2022-05-02 12:59:50,829.3
2022-05-02 12:59:51,829
2022-05-02 12:59:52,829
2022-05-02 12:59:53,829
2022-05-02 12:59:54,829
2022-05-02 12:59:55,829
2022-05-02 12:59:56,829.2
2022-05-02 12:59:57,829
2022-05-02 12:59:58,829
2022-05-02 12:59:59,829
2022-05-02 13:00:00,829.05
2022-05-02 13:00:01,829
2022-05-02 13:00:02,829
2022-05-02 13:00:03,829
2022-05-02 13:00:04,829
2022-05-02 13:00:05,829
2022-05-02 13:00:06,829
2022-05-02 13:00:07,829.05
2022-05-02 13:00:08,829
2022-05-02 13:00:09,829
2022-05-02 13:00:10,829.1
2022-05-02 13:00:11,829.1
2022-05-02 13:00:12,829.1
2022-05-02 13:00:13,829.1
2022-05-02 13:00:14,829.1
2022-05-02 13:00:15,829.1
2022-05-02 13:00:16,829.7
2022-05-02 13:00:17,829.4
2022-05-02 13:00:18,829.4
2022-05-02 13:00:19,829.4
2022-05-02 13:00:20,829.4
2022-05-02 13:00:21,829.4
2022-05-02 13:00:22,829.4
2022-05-02 13:00:23,829.4
2022-05-02 13:00:24,829.4
2022-05-02 13:00:25,829.4
2022-05-02 13:00:26,829.4
2022-05-02 13:00:27,829.75
2022-05-02 13:00:28,829.75
2022-05-02 13:00:29,829.45
2022-05-02 13:00:30,829.9
2022-05-02 13:00:32,829.9
2022-05-02 13:00:33,829.4
2022-05-02 13:00:35,829.4
2022-05-02 13:00:36,829.6
2022-05-02 13:00:37,829.6
2022-05-02 13:00:38,829.05
2022-05-02 13:00:40,829.1
2022-05-02 13:00:41,829.05
2022-05-02 13:00:42,829.65
2022-05-02 13:00:43,829.65
2022-05-02 13:00:45,829.65
2022-05-02 13:01:17,829.1
2022-05-02 13:01:18,829.1
2022-05-02 13:01:19,829.45
2022-05-02 13:01:20,829.45
2022-05-02 13:01:21,829.45
2022-05-02 13:01:23,829.45
2022-05-02 13:01:24,829.45
2022-05-02 13:01:26,829.45
2022-05-02 13:01:28,828.8
2022-05-02 13:01:29,828.8
2022-05-02 13:01:30,828.75
2022-05-02 13:01:32,828.75
2022-05-02 13:01:33,828.5
2022-05-02 13:01:34,829
2022-05-02 13:01:35,829
2022-05-02 13:01:36,829
2022-05-02 13:01:37,829
2022-05-02 13:01:38,829
2022-05-02 13:01:39,828.8
2022-05-02 13:01:40,829.35
2022-05-02 13:01:41,829.35
2022-05-02 13:01:42,829.35
2022-05-02 13:01:43,829.35
2022-05-02 13:01:44,829.35
2022-05-02 13:01:46,829
2022-05-02 13:01:47,829
2022-05-02 13:01:48,828.8
2022-05-02 13:01:49,829.55
2022-05-02 13:01:50,829.45
2022-05-02 13:01:51,829.45
2022-05-02 13:01:52,829
2022-05-02 13:01:53,829
2022-05-02 13:01:54,829
2022-05-02 13:01:55,829
2022-05-02 13:01:56,829
2022-05-02 13:01:58,829
2022-05-02 13:01:59,829
2022-05-02 13:02:01,829
2022-05-02 13:02:02,829
2022-05-02 13:02:03,829
2022-05-02 13:02:04,829
2022-05-02 13:02:06,829.35
2022-05-02 13:02:07,829
2022-05-02 13:02:08,829.35
2022-05-02 13:02:09,829.35
2022-05-02 13:02:10,829
2022-05-02 13:02:11,829
2022-05-02 13:02:12,829
2022-05-02 13:02:13,829
2022-05-02 13:02:14,829
2022-05-02 13:02:15,829
2022-05-02 13:02:16,829
2022-05-02 13:02:17,829.35
2022-05-02 13:02:18,830.1
2022-05-02 13:02:19,830.05
2022-05-02 13:02:20,829.85
2022-05-02 13:02:21,829.85
2022-05-02 13:02:22,829.85
2022-05-02 13:02:24,829.85
2022-05-02 13:02:26,829.85
2022-05-02 13:02:27,829.8
2022-05-02 13:02:28,829.8
2022-05-02 13:02:29,829.8
2022-05-02 13:02:30,829.8
2022-05-02 13:02:31,829.8
2022-05-02 13:02:32,829.8
2022-05-02 13:02:33,829.8
2022-05-02 13:02:34,830
2022-05-02 13:02:35,830.5
2022-05-02 13:02:36,830
2022-05-02 13:02:37,830
2022-05-02 13:02:38,829.95
2022-05-02 13:02:39,830
2022-05-02 13:02:40,830
2022-05-02 13:02:41,830
2022-05-02 13:02:42,830
2022-05-02 13:02:43,830
2022-05-02 13:02:44,830
2022-05-02 13:02:45,830
2022-05-02 13:02:46,830
2022-05-02 13:02:48,830.4
2022-05-02 13:02:49,830
2022-05-02 13:02:50,830
2022-05-02 13:02:51,830
2022-05-02 13:02:52,830
2022-05-02 13:02:53,830
2022-05-02 13:02:54,830
2022-05-02 13:02:55,830
2022-05-02 13:02:57,830
2022-05-02 13:02:58,830
2022-05-02 13:02:59,830
2022-05-02 13:03:00,830
2022-05-02 13:03:01,830
2022-05-02 13:03:02,830.35
2022-05-02 13:03:03,830.25
2022-05-02 13:03:04,830.25
2022-05-02 13:03:05,830.25
2022-05-02 13:03:06,830
2022-05-02 13:03:07,830
2022-05-02 13:03:08,830
2022-05-02 13:03:09,830
2022-05-02 13:03:10,830
2022-05-02 13:03:12,830
2022-05-02 13:03:13,830
2022-05-02 13:03:14,830
2022-05-02 13:03:46,830
2022-05-02 13:03:47,830
2022-05-02 13:03:48,830
2022-05-02 13:03:49,830
2022-05-02 13:03:51,830
2022-05-02 13:03:52,830
2022-05-02 13:03:53,830
2022-05-02 13:03:54,830
2022-05-02 13:03:55,830.3
2022-05-02 13:03:56,830
2022-05-02 13:03:57,830
2022-05-02 13:03:58,830
2022-05-02 13:03:59,830
2022-05-02 13:04:00,830
2022-05-02 13:04:01,830
2022-05-02 13:04:02,830
2022-05-02 13:04:03,829.95
2022-05-02 13:04:04,829.95
2022-05-02 13:04:05,829.95
2022-05-02 13:04:06,829.95
2022-05-02 13:04:07,829.95
2022-05-02 13:04:08,829.95
2022-05-02 13:04:09,829.95
2022-05-02 13:04:10,829.95
2022-05-02 13:04:12,829.8
2022-05-02 13:04:13,829.8
2022-05-02 13:04:14,829.8
2022-05-02 13:04:15,829.8
2022-05-02 13:04:16,829.8
2022-05-02 13:04:17,829.8
2022-05-02 13:04:18,829.8
2022-05-02 13:04:19,829.8
2022-05-02 13:04:21,829.8
2022-05-02 13:04:22,830
2022-05-02 13:04:23,830
2022-05-02 13:04:24,830
2022-05-02 13:04:25,830
2022-05-02 13:04:26,829.8
2022-05-02 13:04:27,830.05
2022-05-02 13:04:28,830.05
2022-05-02 13:04:29,830
2022-05-02 13:04:30,830
2022-05-02 13:04:31,830
2022-05-02 13:04:32,829.35
2022-05-02 13:04:34,829.85
2022-05-02 13:04:35,829.85
2022-05-02 13:04:36,829.85
2022-05-02 13:04:37,829.8
2022-05-02 13:04:38,829.35
2022-05-02 13:04:39,829.8
2022-05-02 13:04:40,829.8
2022-05-02 13:04:41,829.8
2022-05-02 13:04:42,829.8
2022-05-02 13:04:44,829.8
2022-05-02 13:04:45,829.45
2022-05-02 13:04:47,829.45
2022-05-02 13:04:48,829.75
2022-05-02 13:04:49,829.45
2022-05-02 13:04:50,829.8
2022-05-02 13:04:51,829.95
2022-05-02 13:04:52,829.95
2022-05-02 13:04:53,829.95
2022-05-02 13:04:54,829.95
2022-05-02 13:04:55,829.8
2022-05-02 13:04:56,829.75
2022-05-02 13:04:57,829.75
2022-05-02 13:04:58,829.75
2022-05-02 13:04:59,829.75
2022-05-02 13:05:00,830.1
2022-05-02 13:05:02,830.1
2022-05-02 13:05:03,830.1
2022-05-02 13:05:04,830.1
2022-05-02 13:05:05,830.1
2022-05-02 13:05:06,830.1
2022-05-02 13:05:07,830
2022-05-02 13:05:08,830
2022-05-02 13:05:09,830
2022-05-02 13:05:10,829.85
2022-05-02 13:05:12,829.85
2022-05-02 13:05:13,829.45
2022-05-02 13:05:14,829.85
2022-05-02 13:05:15,829.85
2022-05-02 13:05:16,829.45
2022-05-02 13:05:17,829.45
2022-05-02 13:05:18,829.45
2022-05-02 13:05:19,829.45
2022-05-02 13:05:20,829.75
2022-05-02 13:05:21,829.75
2022-05-02 13:05:22,829.75
2022-05-02 13:05:23,829.75
2022-05-02 13:05:24,829.75
2022-05-02 13:05:25,829.75
2022-05-02 13:05:26,829.5
2022-05-02 13:05:27,829.75
2022-05-02 13:05:28,829.75
2022-05-02 13:05:29,829.75
2022-05-02 13:05:30,830
2022-05-02 13:05:31,829.7
2022-05-02 13:05:32,829.7
2022-05-02 13:05:33,829.7
2022-05-02 13:05:34,829.7
2022-05-02 13:05:35,829.7
2022-05-02 13:05:36,829.7
2022-05-02 13:05:37,829.95
2022-05-02 13:05:39,829.95
2022-05-02 13:05:40,829.95
2022-05-02 13:05:41,829.95
2022-05-02 13:05:42,829.95
2022-05-02 13:05:43,829.95
2022-05-02 13:05:44,829.95
2022-05-02 13:05:45,829.95
2022-05-02 13:06:16,830.05
2022-05-02 13:06:17,830.15
2022-05-02 13:06:18,830.05
2022-05-02 13:06:19,830.05
2022-05-02 13:06:20,830.05
2022-05-02 13:06:21,830.05
2022-05-02 13:06:23,830.05
2022-05-02 13:06:24,830.05
2022-05-02 13:06:25,830.05
2022-05-02 13:06:27,830.05
2022-05-02 13:06:28,830.15
2022-05-02 13:06:29,830.6
2022-05-02 13:06:30,830.7
2022-05-02 13:06:31,830.45
2022-05-02 13:06:32,831
2022-05-02 13:06:33,831
2022-05-02 13:06:34,830.5
2022-05-02 13:06:35,830.5
2022-05-02 13:06:36,830.45
2022-05-02 13:06:37,830.95
2022-05-02 13:06:38,830.5
2022-05-02 13:06:39,831
2022-05-02 13:06:40,830.6
2022-05-02 13:06:41,830.6
2022-05-02 13:06:42,830.55
2022-05-02 13:06:43,830.5
2022-05-02 13:06:45,831
2022-05-02 13:06:46,830.85
2022-05-02 13:06:47,830.85
2022-05-02 13:06:48,830.85
2022-05-02 13:06:49,830.85
2022-05-02 13:06:50,830.85
2022-05-02 13:06:51,830.85
2022-05-02 13:06:52,831.2
2022-05-02 13:06:54,830.9
2022-05-02 13:06:55,831
2022-05-02 13:06:56,830.85
2022-05-02 13:06:57,830.85
2022-05-02 13:06:58,830.95
2022-05-02 13:06:59,830.85
2022-05-02 13:07:00,830.85
2022-05-02 13:07:01,830.95
2022-05-02 13:07:02,831
2022-05-02 13:07:03,830.9
2022-05-02 13:07:04,830.95
2022-05-02 13:07:05,830.85
2022-05-02 13:07:06,830.95
2022-05-02 13:07:07,830.85
2022-05-02 13:07:08,830.95
2022-05-02 13:07:09,830.85
2022-05-02 13:07:10,830.9
2022-05-02 13:07:11,830.95
2022-05-02 13:07:12,830.9
2022-05-02 13:07:13,830.9
2022-05-02 13:07:14,830.95
2022-05-02 13:07:15,830.95
2022-05-02 13:07:46,830.45
2022-05-02 13:07:47,830.2
2022-05-02 13:07:48,830.6
2022-05-02 13:07:49,830.1
2022-05-02 13:07:50,830.6
2022-05-02 13:07:52,830.6
2022-05-02 13:07:53,830.25
2022-05-02 13:07:54,830.45
2022-05-02 13:07:55,830.45
2022-05-02 13:07:56,830.65
2022-05-02 13:07:57,830.25
2022-05-02 13:07:58,830.25
2022-05-02 13:07:59,830.25
2022-05-02 13:08:01,830.65
2022-05-02 13:08:02,830.65
2022-05-02 13:08:03,830.6
2022-05-02 13:08:04,830.45
2022-05-02 13:08:05,830.15
2022-05-02 13:08:06,830.4
2022-05-02 13:08:07,830.15
2022-05-02 13:08:08,830.4
2022-05-02 13:08:09,830.15
2022-05-02 13:08:10,830.4
2022-05-02 13:08:11,830.4
2022-05-02 13:08:12,830.4
2022-05-02 13:08:13,830.4
2022-05-02 13:08:14,830.4
2022-05-02 13:08:15,830.4
2022-05-02 13:08:46,830.3
2022-05-02 13:08:47,830
2022-05-02 13:08:48,830.3
2022-05-02 13:08:49,830.05
2022-05-02 13:08:50,830.05
2022-05-02 13:08:51,830.3
2022-05-02 13:08:52,830.65
2022-05-02 13:08:53,830.2
2022-05-02 13:08:54,830.15
2022-05-02 13:08:55,830.15
2022-05-02 13:08:56,830.65
2022-05-02 13:08:57,830.15
2022-05-02 13:08:58,830.15
2022-05-02 13:08:59,830.15
2022-05-02 13:09:00,830.65
2022-05-02 13:09:01,830.65
2022-05-02 13:09:02,830.65
2022-05-02 13:09:04,830.15
2022-05-02 13:09:05,830.15
2022-05-02 13:09:06,830.6
2022-05-02 13:09:07,830.15
2022-05-02 13:09:08,830.6
2022-05-02 13:09:09,830.15
2022-05-02 13:09:11,830.6
2022-05-02 13:09:12,830.55
2022-05-02 13:09:13,830.15
2022-05-02 13:09:15,830.15
2022-05-02 13:09:16,830.15
2022-05-02 13:09:46,830.35
2022-05-02 13:09:48,830.35
2022-05-02 13:09:49,830.35
2022-05-02 13:09:51,830.6
2022-05-02 13:09:52,830.25
2022-05-02 13:09:53,830
2022-05-02 13:09:54,830
2022-05-02 13:09:55,830
2022-05-02 13:09:56,830.25
2022-05-02 13:09:58,830.45
2022-05-02 13:09:59,830.45
2022-05-02 13:10:00,830.45
2022-05-02 13:10:01,830
2022-05-02 13:10:02,830
2022-05-02 13:10:03,830
2022-05-02 13:10:04,830.05
2022-05-02 13:10:05,830.05
2022-05-02 13:10:06,830.45
2022-05-02 13:10:07,830.45
2022-05-02 13:10:09,830.45
2022-05-02 13:10:10,830.1
2022-05-02 13:10:11,830.45
2022-05-02 13:10:12,830.45
2022-05-02 13:10:13,830.1
2022-05-02 13:10:14,830.15
2022-05-02 13:10:15,830.15
2022-05-02 13:10:16,830.45
2022-05-02 13:10:17,830.15
2022-05-02 13:10:18,830.15
2022-05-02 13:10:19,830.15
2022-05-02 13:10:21,830.45
2022-05-02 13:10:22,830.45
2022-05-02 13:10:23,830.15
2022-05-02 13:10:24,830.65
2022-05-02 13:10:25,830.15
2022-05-02 13:10:26,830.45
2022-05-02 13:10:27,830.45
2022-05-02 13:10:28,830.15
2022-05-02 13:10:29,830.45
2022-05-02 13:10:30,830.45
2022-05-02 13:10:31,830.5
2022-05-02 13:10:32,830.45
2022-05-02 13:10:33,830.2
2022-05-02 13:10:34,830.2
2022-05-02 13:10:35,830.2
2022-05-02 13:10:36,830.5
2022-05-02 13:10:38,830.5
2022-05-02 13:10:39,830.5
2022-05-02 13:10:40,830.5
2022-05-02 13:10:41,830.7
2022-05-02 13:10:42,830.45
2022-05-02 13:10:43,830.45
2022-05-02 13:10:44,830.5
2022-05-02 13:10:45,830.8
2022-05-02 13:11:16,830.4
2022-05-02 13:11:17,830.5
2022-05-02 13:11:18,830.4
2022-05-02 13:11:19,830.4
2022-05-02 13:11:20,830.5
2022-05-02 13:11:21,830.4
2022-05-02 13:11:22,830.4
2022-05-02 13:11:23,830.4
2022-05-02 13:11:25,830.1
2022-05-02 13:11:26,830.5
2022-05-02 13:11:27,830.1
2022-05-02 13:11:28,830.5
2022-05-02 13:11:29,830.45
2022-05-02 13:11:30,830.2
2022-05-02 13:11:31,830.4
2022-05-02 13:11:32,830.4
2022-05-02 13:11:33,830.65
2022-05-02 13:11:35,830.25
2022-05-02 13:11:36,830.6
2022-05-02 13:11:37,830.6
2022-05-02 13:11:38,830.2
2022-05-02 13:11:39,830.25
2022-05-02 13:11:40,830.2
2022-05-02 13:11:42,830.2
2022-05-02 13:11:43,830.2
2022-05-02 13:11:44,830.2
2022-05-02 13:11:45,830.55
2022-05-02 13:12:16,830.3
2022-05-02 13:12:17,830.3
2022-05-02 13:12:18,830.6
2022-05-02 13:12:19,830.65
2022-05-02 13:12:20,830.3
2022-05-02 13:12:22,830.25
2022-05-02 13:12:23,830.25
2022-05-02 13:12:24,830.25
2022-05-02 13:12:25,830.25
2022-05-02 13:12:26,830.2
2022-05-02 13:12:27,830.25
2022-05-02 13:12:28,830.2
2022-05-02 13:12:29,830.2
2022-05-02 13:12:31,830.25
2022-05-02 13:12:32,830.2
2022-05-02 13:12:33,830.5
2022-05-02 13:12:34,830.2
2022-05-02 13:12:35,830.2
2022-05-02 13:12:36,830.55
2022-05-02 13:12:37,829.5
2022-05-02 13:12:38,829.95
2022-05-02 13:12:39,830.1
2022-05-02 13:12:40,830.1
2022-05-02 13:12:41,830
2022-05-02 13:12:42,830
2022-05-02 13:12:44,830
2022-05-02 13:12:45,829.7
2022-05-02 13:12:46,830
2022-05-02 13:12:47,830
2022-05-02 13:12:48,829.75
2022-05-02 13:12:49,829.75
2022-05-02 13:12:51,830
2022-05-02 13:12:52,830
2022-05-02 13:12:53,830
2022-05-02 13:12:54,830
2022-05-02 13:12:55,830
2022-05-02 13:12:56,830
2022-05-02 13:12:57,830.2
2022-05-02 13:12:58,830.2
2022-05-02 13:12:59,830.1
2022-05-02 13:13:01,830.1
2022-05-02 13:13:02,830.45
2022-05-02 13:13:03,830.1
2022-05-02 13:13:04,830.2
2022-05-02 13:13:05,830
2022-05-02 13:13:06,830.45
2022-05-02 13:13:07,830.35
2022-05-02 13:13:08,830.4
2022-05-02 13:13:09,830.05
2022-05-02 13:13:10,830.35
2022-05-02 13:13:11,830.05
2022-05-02 13:13:13,830.05
2022-05-02 13:13:14,830.05
2022-05-02 13:13:15,830.05
2022-05-02 13:13:46,829.95
2022-05-02 13:13:47,830.4
2022-05-02 13:13:48,830
2022-05-02 13:13:49,830.45
2022-05-02 13:13:50,830.35
2022-05-02 13:13:51,830.35
2022-05-02 13:13:52,830
2022-05-02 13:13:54,829.95
2022-05-02 13:13:55,829.95
2022-05-02 13:13:56,830.35
2022-05-02 13:13:57,830.35
2022-05-02 13:13:58,830.35
2022-05-02 13:13:59,830.35
2022-05-02 13:14:00,830
2022-05-02 13:14:02,829.95
2022-05-02 13:14:03,829.95
2022-05-02 13:14:04,830
2022-05-02 13:14:05,830
2022-05-02 13:14:06,830
2022-05-02 13:14:08,830
2022-05-02 13:14:09,829.95
2022-05-02 13:14:10,830
2022-05-02 13:14:11,830
2022-05-02 13:14:12,830
2022-05-02 13:14:14,830
2022-05-02 13:14:15,830
2022-05-02 13:14:46,830.35
2022-05-02 13:14:47,830
2022-05-02 13:14:48,830
2022-05-02 13:14:49,830
2022-05-02 13:14:50,830
2022-05-02 13:14:51,830
2022-05-02 13:14:53,830
2022-05-02 13:14:54,830
2022-05-02 13:14:55,830
2022-05-02 13:14:56,829.75
2022-05-02 13:14:57,829.75
2022-05-02 13:14:58,829.75
2022-05-02 13:14:59,829.75
2022-05-02 13:15:00,830
2022-05-02 13:15:02,829.75
2022-05-02 13:15:03,829.75
2022-05-02 13:15:04,829.95
2022-05-02 13:15:05,829.95
2022-05-02 13:15:06,829.95
2022-05-02 13:15:07,829.95
2022-05-02 13:15:09,829.95
2022-05-02 13:15:10,829.95
2022-05-02 13:15:11,830
2022-05-02 13:15:12,830
2022-05-02 13:15:13,830
2022-05-02 13:15:14,829.6
2022-05-02 13:15:15,829.6
2022-05-02 13:15:47,829.85
2022-05-02 13:15:48,829.85
2022-05-02 13:15:50,829.85
2022-05-02 13:15:51,829.9
2022-05-02 13:15:52,830
2022-05-02 13:15:53,830
2022-05-02 13:15:54,830
2022-05-02 13:15:55,830
2022-05-02 13:15:56,830
2022-05-02 13:15:57,830
2022-05-02 13:15:58,830
2022-05-02 13:15:59,829.8
2022-05-02 13:16:01,830
2022-05-02 13:16:02,830
2022-05-02 13:16:03,830
2022-05-02 13:16:04,830
2022-05-02 13:16:05,829.75
2022-05-02 13:16:06,829.95
2022-05-02 13:16:07,829.75
2022-05-02 13:16:08,829.75
2022-05-02 13:16:09,829.75
2022-05-02 13:16:10,829.75
2022-05-02 13:16:11,829.95
2022-05-02 13:16:12,829.75
2022-05-02 13:16:13,829.95
2022-05-02 13:16:14,830
2022-05-02 13:16:16,830
2022-05-02 13:16:47,830
2022-05-02 13:16:48,830
2022-05-02 13:16:49,830
2022-05-02 13:16:50,830
2022-05-02 13:16:51,830.05
2022-05-02 13:16:52,830.05
2022-05-02 13:16:54,830
2022-05-02 13:16:55,830.05
2022-05-02 13:16:57,830.5
2022-05-02 13:16:58,830.05
2022-05-02 13:16:59,830.05
2022-05-02 13:17:00,830.05
2022-05-02 13:17:01,830.45
2022-05-02 13:17:02,830.45
2022-05-02 13:17:03,830.05
2022-05-02 13:17:04,830.05
2022-05-02 13:17:05,830.05
2022-05-02 13:17:06,830.05
2022-05-02 13:17:07,830.05
2022-05-02 13:17:08,830.4
2022-05-02 13:17:10,830.4
2022-05-02 13:17:11,830.4
2022-05-02 13:17:12,830.05
2022-05-02 13:17:13,830.05
2022-05-02 13:17:14,830.05
2022-05-02 13:17:15,830.4
2022-05-02 13:17:46,830.4
2022-05-02 13:17:47,830.15
2022-05-02 13:17:48,830.05
2022-05-02 13:17:49,830.4
2022-05-02 13:17:50,830.05
2022-05-02 13:17:51,830.4
2022-05-02 13:17:52,830.05
2022-05-02 13:17:54,830.05
2022-05-02 13:17:55,830.05
2022-05-02 13:17:56,830.4
2022-05-02 13:17:57,830.05
2022-05-02 13:17:58,830.05
2022-05-02 13:17:59,830.05
2022-05-02 13:18:01,830.4
2022-05-02 13:18:02,830.05
2022-05-02 13:18:03,830
2022-05-02 13:18:04,830
2022-05-02 13:18:05,830
2022-05-02 13:18:06,830
2022-05-02 13:18:07,830
2022-05-02 13:18:09,830
2022-05-02 13:18:10,830
2022-05-02 13:18:11,830
2022-05-02 13:18:12,830
2022-05-02 13:18:13,830
2022-05-02 13:18:14,830
2022-05-02 13:18:15,830
2022-05-02 13:18:46,830
2022-05-02 13:18:47,829.8
2022-05-02 13:18:48,829.8
2022-05-02 13:18:49,829.8
2022-05-02 13:18:50,830
2022-05-02 13:18:51,830
2022-05-02 13:18:52,830
2022-05-02 13:18:53,829.95
2022-05-02 13:18:55,829.95
2022-05-02 13:18:56,830
2022-05-02 13:18:57,830
2022-05-02 13:18:58,830
2022-05-02 13:18:59,830.1
2022-05-02 13:19:00,830.4
2022-05-02 13:19:01,830.4
2022-05-02 13:19:02,830.05
2022-05-02 13:19:04,830.4
2022-05-02 13:19:05,830.05
2022-05-02 13:19:06,830.4
2022-05-02 13:19:07,830.05
2022-05-02 13:19:08,830.4
2022-05-02 13:19:09,830.05
2022-05-02 13:19:10,829.95
2022-05-02 13:19:11,830
2022-05-02 13:19:12,830
2022-05-02 13:19:13,830
2022-05-02 13:19:15,830
2022-05-02 13:19:47,830
2022-05-02 13:19:48,829.95
2022-05-02 13:19:50,830
2022-05-02 13:19:51,830
2022-05-02 13:19:52,830
2022-05-02 13:19:53,830
2022-05-02 13:19:54,829.75
2022-05-02 13:19:55,829.75
2022-05-02 13:19:56,830.05
2022-05-02 13:19:57,830.05
2022-05-02 13:19:58,829.9
2022-05-02 13:20:00,829.9
2022-05-02 13:20:01,829.95
2022-05-02 13:20:02,830
2022-05-02 13:20:03,830
2022-05-02 13:20:04,830.05
2022-05-02 13:20:05,830
2022-05-02 13:20:06,830.05
2022-05-02 13:20:07,830.05
2022-05-02 13:20:09,830.1
2022-05-02 13:20:11,830.4
2022-05-02 13:20:12,830.3
2022-05-02 13:20:13,830.4
2022-05-02 13:20:14,830.25
2022-05-02 13:20:15,830.2
2022-05-02 13:20:46,830.05
2022-05-02 13:20:47,830.05
2022-05-02 13:20:48,830
2022-05-02 13:20:50,830.05
2022-05-02 13:20:51,830.1
2022-05-02 13:20:52,830.1
2022-05-02 13:20:54,830.05
2022-05-02 13:20:55,830
2022-05-02 13:20:56,829.95
2022-05-02 13:20:57,829.95
2022-05-02 13:20:58,830
2022-05-02 13:20:59,829.95
2022-05-02 13:21:01,830.1
2022-05-02 13:21:02,830.05
2022-05-02 13:21:03,829.95
2022-05-02 13:21:04,829.95
2022-05-02 13:21:05,829.95
2022-05-02 13:21:06,830.1
2022-05-02 13:21:07,830
2022-05-02 13:21:09,830
2022-05-02 13:21:10,829.95
2022-05-02 13:21:11,830.15
2022-05-02 13:21:12,830
2022-05-02 13:21:13,830
2022-05-02 13:21:14,829.95
2022-05-02 13:21:15,829.95
2022-05-02 13:21:47,830.05
2022-05-02 13:21:49,830.05
2022-05-02 13:21:50,829.9
2022-05-02 13:21:51,830.05
2022-05-02 13:21:52,829.9
2022-05-02 13:21:54,829.9
2022-05-02 13:21:55,829.9
2022-05-02 13:21:56,830.05
2022-05-02 13:21:57,829.9
2022-05-02 13:21:58,829.9
2022-05-02 13:21:59,829.9
2022-05-02 13:22:00,830.05
2022-05-02 13:22:01,829.9
2022-05-02 13:22:02,829.7
2022-05-02 13:22:03,829.7
2022-05-02 13:22:04,830
2022-05-02 13:22:05,829.7
2022-05-02 13:22:06,830
2022-05-02 13:22:08,829.7
2022-05-02 13:22:09,829.7
2022-05-02 13:22:10,829.7
2022-05-02 13:22:11,830
2022-05-02 13:22:12,830
2022-05-02 13:22:13,829.7
2022-05-02 13:22:15,829.7
2022-05-02 13:22:46,829.95
2022-05-02 13:22:48,829.75
2022-05-02 13:22:49,829.75
2022-05-02 13:22:50,830
2022-05-02 13:22:51,830.25
2022-05-02 13:22:52,830.25
2022-05-02 13:22:53,829.95
2022-05-02 13:22:54,830.1
2022-05-02 13:22:55,829.95
2022-05-02 13:22:56,830.1
2022-05-02 13:22:57,829.7
2022-05-02 13:22:58,829.7
2022-05-02 13:22:59,829.7
2022-05-02 13:23:00,830.05
2022-05-02 13:23:01,830
2022-05-02 13:23:02,830.05
2022-05-02 13:23:03,830.05
2022-05-02 13:23:04,829.75
2022-05-02 13:23:05,829.8
2022-05-02 13:23:06,830.25
2022-05-02 13:23:07,830.05
2022-05-02 13:23:08,830.05
2022-05-02 13:23:09,829.75
2022-05-02 13:23:10,829.75
2022-05-02 13:23:12,830.15
2022-05-02 13:23:13,829.75
2022-05-02 13:23:14,830.25
2022-05-02 13:23:15,829.75
2022-05-02 13:23:16,830.2
2022-05-02 13:23:17,829.75
2022-05-02 13:23:18,829.75
2022-05-02 13:23:19,829.75
2022-05-02 13:23:20,829.75
2022-05-02 13:23:21,830
2022-05-02 13:23:22,830
2022-05-02 13:23:23,830
2022-05-02 13:23:24,830
2022-05-02 13:23:25,829.75
2022-05-02 13:23:26,829.75
2022-05-02 13:23:27,829.75
2022-05-02 13:23:29,829.75
2022-05-02 13:23:30,829.75
2022-05-02 13:23:31,830
2022-05-02 13:23:32,830
2022-05-02 13:23:33,830
2022-05-02 13:23:35,830
2022-05-02 13:23:36,830
2022-05-02 13:23:37,829.8
2022-05-02 13:23:38,829.8
2022-05-02 13:23:39,829.8
2022-05-02 13:23:40,830
2022-05-02 13:23:41,830
2022-05-02 13:23:42,829.8
2022-05-02 13:23:43,829.8
2022-05-02 13:23:44,829.8
2022-05-02 13:23:45,829.8
2022-05-02 13:24:16,829.95
2022-05-02 13:24:17,829.65
2022-05-02 13:24:18,829.65
2022-05-02 13:24:19,829.65
2022-05-02 13:24:20,829.95
2022-05-02 13:24:21,829.95
2022-05-02 13:24:22,829.7
2022-05-02 13:24:23,829.7
2022-05-02 13:24:24,829.7
2022-05-02 13:24:25,829.7
2022-05-02 13:24:26,829.95
2022-05-02 13:24:27,829.7
2022-05-02 13:24:29,829.95
2022-05-02 13:24:30,829.65
2022-05-02 13:24:31,829.95
2022-05-02 13:24:32,829.7
2022-05-02 13:24:33,829.7
2022-05-02 13:24:34,829.65
2022-05-02 13:24:35,829.65
2022-05-02 13:24:36,829.95
2022-05-02 13:24:37,829.65
2022-05-02 13:24:38,829.65
2022-05-02 13:24:39,829.65
2022-05-02 13:24:40,829.85
2022-05-02 13:24:41,829.85
2022-05-02 13:24:42,829.65
2022-05-02 13:24:43,829.65
2022-05-02 13:24:44,829.65
2022-05-02 13:24:45,829.85
2022-05-02 13:24:46,829.85
2022-05-02 13:24:47,829.65
2022-05-02 13:24:48,829.6
2022-05-02 13:24:49,829.6
2022-05-02 13:24:50,829.6
2022-05-02 13:24:51,829.6
2022-05-02 13:24:52,829.85
2022-05-02 13:24:53,829.65
2022-05-02 13:24:54,829.65
2022-05-02 13:24:55,829.65
2022-05-02 13:24:56,829.85
2022-05-02 13:24:57,829.65
2022-05-02 13:24:58,829.7
2022-05-02 13:24:59,829.7
2022-05-02 13:25:00,829.7
2022-05-02 13:25:01,829.85
2022-05-02 13:25:02,829.75
2022-05-02 13:25:03,829.75
2022-05-02 13:25:04,829.75
2022-05-02 13:25:05,829.7
2022-05-02 13:25:06,829.6
2022-05-02 13:25:07,829.6
2022-05-02 13:25:08,829.85
2022-05-02 13:25:09,829.6
2022-05-02 13:25:10,829.6
2022-05-02 13:25:11,829.55
2022-05-02 13:25:12,829.6
2022-05-02 13:25:14,829.6
2022-05-02 13:25:15,829.75
2022-05-02 13:25:46,829.75
2022-05-02 13:25:48,830
2022-05-02 13:25:49,830
2022-05-02 13:25:50,829.75
2022-05-02 13:25:51,829.55
2022-05-02 13:25:52,829.7
2022-05-02 13:25:53,829.7
2022-05-02 13:25:54,829.55
2022-05-02 13:25:55,829.55
2022-05-02 13:25:56,829.2
2022-05-02 13:25:57,829.55
2022-05-02 13:25:59,829.2
2022-05-02 13:26:00,829
2022-05-02 13:26:01,829.55
2022-05-02 13:26:02,829.6
2022-05-02 13:26:03,829.55
2022-05-02 13:26:04,829.95
2022-05-02 13:26:05,829.65
2022-05-02 13:26:06,829.6
2022-05-02 13:26:07,829.6
2022-05-02 13:26:08,829.6
2022-05-02 13:26:10,829.6
2022-05-02 13:26:11,829.6
2022-05-02 13:26:12,829.65
2022-05-02 13:26:13,829.6
2022-05-02 13:26:14,829.6
2022-05-02 13:26:15,829.65
2022-05-02 13:26:16,829.6
2022-05-02 13:26:46,830.2
2022-05-02 13:26:47,829.9
2022-05-02 13:26:48,830.2
2022-05-02 13:26:49,829.9
2022-05-02 13:26:50,829.75
2022-05-02 13:26:51,830.2
2022-05-02 13:26:52,829.8
2022-05-02 13:26:53,829.8
2022-05-02 13:26:54,829.8
2022-05-02 13:26:55,829.8
2022-05-02 13:26:56,830.2
2022-05-02 13:26:57,829.8
2022-05-02 13:26:58,829.8
2022-05-02 13:26:59,829.8
2022-05-02 13:27:00,830.2
2022-05-02 13:27:01,830.2
2022-05-02 13:27:02,829.95
2022-05-02 13:27:03,829.95
2022-05-02 13:27:04,830.2
2022-05-02 13:27:05,830.2
2022-05-02 13:27:07,829.95
2022-05-02 13:27:08,830.2
2022-05-02 13:27:09,830.2
2022-05-02 13:27:10,830.2
2022-05-02 13:27:12,829.95
2022-05-02 13:27:13,829.95
2022-05-02 13:27:15,830.2
2022-05-02 13:27:16,830
2022-05-02 13:27:18,829.95
2022-05-02 13:27:19,829.95
2022-05-02 13:27:20,830.3
2022-05-02 13:27:21,829.95
2022-05-02 13:27:22,829.95
2022-05-02 13:27:24,829.95
2022-05-02 13:27:25,830.25
2022-05-02 13:27:26,830.25
2022-05-02 13:27:27,830.25
2022-05-02 13:27:28,829.95
2022-05-02 13:27:29,829.95
2022-05-02 13:27:30,829.95
2022-05-02 13:27:31,830.2
2022-05-02 13:27:32,830.2
2022-05-02 13:27:34,829.95
2022-05-02 13:27:35,830.2
2022-05-02 13:27:37,829.95
2022-05-02 13:27:38,830
2022-05-02 13:27:39,829.95
2022-05-02 13:27:40,830.1
2022-05-02 13:27:41,830.05
2022-05-02 13:27:42,830.05
2022-05-02 13:27:43,829.8
2022-05-02 13:27:44,829.8
2022-05-02 13:27:45,829.95
2022-05-02 13:28:16,829.5
2022-05-02 13:28:17,829.5
2022-05-02 13:28:18,829.7
2022-05-02 13:28:19,829.5
2022-05-02 13:28:20,829.5
2022-05-02 13:28:21,829.7
2022-05-02 13:28:22,829.5
2022-05-02 13:28:23,829.5
2022-05-02 13:28:24,829.5
2022-05-02 13:28:25,829.5
2022-05-02 13:28:26,829.7
2022-05-02 13:28:27,829.65
2022-05-02 13:28:28,829.5
2022-05-02 13:28:29,829.7
2022-05-02 13:28:30,829.5
2022-05-02 13:28:31,829.7
2022-05-02 13:28:32,829.5
2022-05-02 13:28:33,829.5
2022-05-02 13:28:34,829.5
2022-05-02 13:28:35,829.5
2022-05-02 13:28:36,829.7
2022-05-02 13:28:37,829.5
2022-05-02 13:28:38,829.5
2022-05-02 13:28:40,829.5
2022-05-02 13:28:41,829.7
2022-05-02 13:28:42,829.5
2022-05-02 13:28:43,829.7
2022-05-02 13:28:44,829.7
2022-05-02 13:28:45,829.7
2022-05-02 13:28:46,829.7
2022-05-02 13:29:17,829.3
2022-05-02 13:29:18,829.3
2022-05-02 13:29:19,829.15
2022-05-02 13:29:20,829.3
2022-05-02 13:29:21,829.3
2022-05-02 13:29:22,829.15
2022-05-02 13:29:23,829.15
2022-05-02 13:29:24,829.3
2022-05-02 13:29:25,829.3
2022-05-02 13:29:26,829.3
2022-05-02 13:29:27,829.15
2022-05-02 13:29:28,829.15
2022-05-02 13:29:29,829.15
2022-05-02 13:29:30,829.15
2022-05-02 13:29:31,829.3
2022-05-02 13:29:32,829.1
2022-05-02 13:29:33,829.3
2022-05-02 13:29:34,829.3
2022-05-02 13:29:35,829.1
2022-05-02 13:29:36,829.3
2022-05-02 13:29:37,829.1
2022-05-02 13:29:38,829.2
2022-05-02 13:29:39,829.2
2022-05-02 13:29:40,829.1
2022-05-02 13:29:41,829.1
2022-05-02 13:29:42,829.05
2022-05-02 13:29:43,829.05
2022-05-02 13:29:44,829.05
2022-05-02 13:29:45,829.05
2022-05-02 13:29:46,829.1
2022-05-02 13:30:17,829.05
2022-05-02 13:30:18,829.05
2022-05-02 13:30:19,829.5
2022-05-02 13:30:20,829.5
2022-05-02 13:30:21,829.5
2022-05-02 13:30:22,829.15
2022-05-02 13:30:23,829.15
2022-05-02 13:30:24,829.15
2022-05-02 13:30:25,829.15
2022-05-02 13:30:26,829.5
2022-05-02 13:30:27,829.25
2022-05-02 13:30:28,829.5
2022-05-02 13:30:29,829.65
2022-05-02 13:30:30,829.25
2022-05-02 13:30:31,829.65
2022-05-02 13:30:32,829.25
2022-05-02 13:30:33,829.25
2022-05-02 13:30:35,829.25
2022-05-02 13:30:36,829.4
2022-05-02 13:30:37,829.25
2022-05-02 13:30:38,829.25
2022-05-02 13:30:39,829.25
2022-05-02 13:30:40,829.6
2022-05-02 13:30:41,829.65
2022-05-02 13:30:42,829.65
2022-05-02 13:30:43,829.3
2022-05-02 13:30:44,829.65
2022-05-02 13:30:45,829.65
2022-05-02 13:31:17,829.2
2022-05-02 13:31:18,829.2
2022-05-02 13:31:19,829.2
2022-05-02 13:31:20,829.2
2022-05-02 13:31:21,829.65
2022-05-02 13:31:22,829.3
2022-05-02 13:31:23,829.3
2022-05-02 13:31:24,829.65
2022-05-02 13:31:25,829.65
2022-05-02 13:31:26,829.65
2022-05-02 13:31:27,829.3
2022-05-02 13:31:28,829.65
2022-05-02 13:31:29,829.3
2022-05-02 13:31:30,829.3
2022-05-02 13:31:31,829.65
2022-05-02 13:31:32,829.65
2022-05-02 13:31:33,829.35
2022-05-02 13:31:34,829.35
2022-05-02 13:31:35,829.35
2022-05-02 13:31:36,829.65
2022-05-02 13:31:37,829.35
2022-05-02 13:31:38,829.35
2022-05-02 13:31:39,829.35
2022-05-02 13:31:40,829.65
2022-05-02 13:31:41,829.65
2022-05-02 13:31:42,829.4
2022-05-02 13:31:43,829.4
2022-05-02 13:31:44,829.4
2022-05-02 13:31:45,829.65
2022-05-02 13:31:46,829.65
2022-05-02 13:32:17,829.3
2022-05-02 13:32:18,829.3
2022-05-02 13:32:19,829.3
2022-05-02 13:32:20,829.65
2022-05-02 13:32:21,829.65
2022-05-02 13:32:22,829.35
2022-05-02 13:32:23,829.35
2022-05-02 13:32:24,829.35
2022-05-02 13:32:25,829.35
2022-05-02 13:32:26,829.45
2022-05-02 13:32:27,829.35
2022-05-02 13:32:28,829.45
2022-05-02 13:32:29,829.35
2022-05-02 13:32:30,829.35
2022-05-02 13:32:31,829.45
2022-05-02 13:32:32,829.35
2022-05-02 13:32:33,829.5
2022-05-02 13:32:34,829.35
2022-05-02 13:32:35,829.35
2022-05-02 13:32:36,829.5
2022-05-02 13:32:37,829.8
2022-05-02 13:32:38,829.8
2022-05-02 13:32:39,829.35
2022-05-02 13:32:40,829.35
2022-05-02 13:32:41,829.7
2022-05-02 13:32:42,829.3
2022-05-02 13:32:43,829.25
2022-05-02 13:32:44,829.7
2022-05-02 13:32:45,829.2
2022-05-02 13:32:46,829.7
2022-05-02 13:33:16,829.05
2022-05-02 13:33:17,828.75
2022-05-02 13:33:18,828.75
2022-05-02 13:33:19,829.05
2022-05-02 13:33:20,828.75
2022-05-02 13:33:21,829.05
2022-05-02 13:33:22,828.75
2022-05-02 13:33:23,829.05
2022-05-02 13:33:24,829.05
2022-05-02 13:33:25,828.75
2022-05-02 13:33:26,829.05
2022-05-02 13:33:27,828.75
2022-05-02 13:33:28,828.75
2022-05-02 13:33:29,828.7
2022-05-02 13:33:30,828.7
2022-05-02 13:33:31,828.75
2022-05-02 13:33:32,828.7
2022-05-02 13:33:33,828.7
2022-05-02 13:33:34,828.7
2022-05-02 13:33:35,828.65
2022-05-02 13:33:36,828.65
2022-05-02 13:33:37,829.15
2022-05-02 13:33:38,828.85
2022-05-02 13:33:39,828.8
2022-05-02 13:33:40,828.65
2022-05-02 13:33:41,828.65
2022-05-02 13:33:42,828.7
2022-05-02 13:33:43,828.6
2022-05-02 13:33:44,828.65
2022-05-02 13:33:45,828.65
2022-05-02 13:34:16,829.8
2022-05-02 13:34:17,829.8
2022-05-02 13:34:18,829.8
2022-05-02 13:34:19,829.8
2022-05-02 13:34:20,830
2022-05-02 13:34:21,830.2
2022-05-02 13:34:22,830.2
2022-05-02 13:34:23,830.2
2022-05-02 13:34:24,830.2
2022-05-02 13:34:25,829.65
2022-05-02 13:34:26,830.15
2022-05-02 13:34:27,830.15
2022-05-02 13:34:28,830.05
2022-05-02 13:34:29,830.3
2022-05-02 13:34:30,829.85
2022-05-02 13:34:31,830.3
2022-05-02 13:34:32,830.3
2022-05-02 13:34:33,830.3
2022-05-02 13:34:34,830.3
2022-05-02 13:34:35,830.2
2022-05-02 13:34:36,830.2
2022-05-02 13:34:37,830.25
2022-05-02 13:34:38,830.25
2022-05-02 13:34:39,830.25
2022-05-02 13:34:40,830.25
2022-05-02 13:34:41,830.25
2022-05-02 13:34:42,830.25
2022-05-02 13:34:43,830.25
2022-05-02 13:34:44,830.2
2022-05-02 13:34:45,830.2
2022-05-02 13:34:46,830.35
2022-05-02 13:35:16,830.7
2022-05-02 13:35:17,830.8
2022-05-02 13:35:19,830.7
2022-05-02 13:35:20,830.7
2022-05-02 13:35:21,830.75
2022-05-02 13:35:22,830.75
2022-05-02 13:35:24,830.75
2022-05-02 13:35:25,830.75
2022-05-02 13:35:26,830.75
2022-05-02 13:35:28,830.75
2022-05-02 13:35:30,830.75
2022-05-02 13:35:32,830.75
2022-05-02 13:35:33,830.75
2022-05-02 13:35:34,830.75
2022-05-02 13:35:35,830.75
2022-05-02 13:35:36,830.75
2022-05-02 13:35:37,830.5
2022-05-02 13:35:38,830.8
2022-05-02 13:35:39,830.8
2022-05-02 13:35:40,830.8
2022-05-02 13:35:41,830.8
2022-05-02 13:35:42,830.8
2022-05-02 13:35:43,830.8
2022-05-02 13:35:44,830.8
2022-05-02 13:35:45,830.75
2022-05-02 13:35:46,830.8
2022-05-02 13:36:17,829.75
2022-05-02 13:36:18,830.15
2022-05-02 13:36:20,830.15
2022-05-02 13:36:21,830.15
2022-05-02 13:36:22,830.15
2022-05-02 13:36:23,830.15
2022-05-02 13:36:24,830.15
2022-05-02 13:36:26,830.15
2022-05-02 13:36:27,830.15
2022-05-02 13:36:28,830.15
2022-05-02 13:36:29,830.15
2022-05-02 13:36:30,830.15
2022-05-02 13:36:31,830.15
2022-05-02 13:36:32,829.85
2022-05-02 13:36:33,829.85
2022-05-02 13:36:34,829.85
2022-05-02 13:36:35,829.85
2022-05-02 13:36:37,830.15
2022-05-02 13:36:39,830.15
2022-05-02 13:36:40,830.15
2022-05-02 13:36:41,830.2
2022-05-02 13:36:42,830.2
2022-05-02 13:36:43,830.15
2022-05-02 13:36:44,830.2
2022-05-02 13:36:45,830.2
2022-05-02 13:37:17,830.35
2022-05-02 13:37:18,830.35
2022-05-02 13:37:19,830.35
2022-05-02 13:37:20,830.35
2022-05-02 13:37:21,830.35
2022-05-02 13:37:22,830.35
2022-05-02 13:37:23,830.35
2022-05-02 13:37:25,830.35
2022-05-02 13:37:26,830.35
2022-05-02 13:37:27,830.35
2022-05-02 13:37:29,830.35
2022-05-02 13:37:30,830.35
2022-05-02 13:37:31,830.35
2022-05-02 13:37:32,830.35
2022-05-02 13:37:33,830.35
2022-05-02 13:37:35,830.35
2022-05-02 13:37:36,830.35
2022-05-02 13:37:37,830.25
2022-05-02 13:37:38,830.25
2022-05-02 13:37:40,830.35
2022-05-02 13:37:41,830.35
2022-05-02 13:37:42,830.35
2022-05-02 13:37:44,830.35
2022-05-02 13:37:45,830.35
2022-05-02 13:37:46,830.35
2022-05-02 13:38:17,830.35
2022-05-02 13:38:19,830.35
2022-05-02 13:38:20,830.35
2022-05-02 13:38:21,830.35
2022-05-02 13:38:23,830.35
2022-05-02 13:38:24,830.35
2022-05-02 13:38:25,830.35
2022-05-02 13:38:26,830.35
2022-05-02 13:38:27,830.35
2022-05-02 13:38:28,830.35
2022-05-02 13:38:29,830.35
2022-05-02 13:38:31,830.35
2022-05-02 13:38:32,830.35
2022-05-02 13:38:33,830.35
2022-05-02 13:38:34,830.35
2022-05-02 13:38:35,830.35
2022-05-02 13:38:36,830.35
2022-05-02 13:38:37,830.35
2022-05-02 13:38:38,830.35
2022-05-02 13:38:39,830.3
2022-05-02 13:38:40,830.3
2022-05-02 13:38:41,830.35
2022-05-02 13:38:42,830.35
2022-05-02 13:38:44,830.35
2022-05-02 13:38:45,830.35
2022-05-02 13:38:46,830.35
2022-05-02 13:39:16,830.4
2022-05-02 13:39:17,830.4
2022-05-02 13:39:18,830.4
2022-05-02 13:39:20,830.4
2022-05-02 13:39:21,830.4
2022-05-02 13:39:22,830.15
2022-05-02 13:39:23,830.15
2022-05-02 13:39:24,830.4
2022-05-02 13:39:25,830.4
2022-05-02 13:39:26,830.4
2022-05-02 13:39:27,830.4
2022-05-02 13:39:28,830.4
2022-05-02 13:39:30,830.2
2022-05-02 13:39:31,830.2
2022-05-02 13:39:32,830.4
2022-05-02 13:39:33,830.4
2022-05-02 13:39:34,830.4
2022-05-02 13:39:35,830.4
2022-05-02 13:39:36,830.4
2022-05-02 13:39:37,830.2
2022-05-02 13:39:38,830.2
2022-05-02 13:39:39,830.2
2022-05-02 13:39:40,830.2
2022-05-02 13:39:41,830.35
2022-05-02 13:39:42,830.35
2022-05-02 13:39:43,830.35
2022-05-02 13:39:44,830.35
2022-05-02 13:39:45,830.35
2022-05-02 13:39:46,830.35
2022-05-02 13:39:48,830.35
2022-05-02 13:39:49,830.35
2022-05-02 13:39:50,830.35
2022-05-02 13:39:51,830.35
2022-05-02 13:39:52,830.35
2022-05-02 13:39:53,830.35
2022-05-02 13:39:54,830.35
2022-05-02 13:39:55,830.35
2022-05-02 13:39:56,830.35
2022-05-02 13:39:57,830.2
2022-05-02 13:39:58,830.2
2022-05-02 13:39:59,830.2
2022-05-02 13:40:01,830.35
2022-05-02 13:40:02,830.2
2022-05-02 13:40:03,830.2
2022-05-02 13:40:04,830.2
2022-05-02 13:40:05,830.2
2022-05-02 13:40:06,830.35
2022-05-02 13:40:07,830.35
2022-05-02 13:40:08,830.2
2022-05-02 13:40:10,830.2
2022-05-02 13:40:12,830.35
2022-05-02 13:40:14,830.2
2022-05-02 13:40:16,830.35
2022-05-02 13:40:48,830.2
2022-05-02 13:40:50,830.2
2022-05-02 13:40:52,830.35
2022-05-02 13:40:53,830.35
2022-05-02 13:40:55,830.35
2022-05-02 13:40:57,830.35
2022-05-02 13:40:59,830.35
2022-05-02 13:41:01,830.35
2022-05-02 13:41:03,830.2
2022-05-02 13:41:05,830.35
2022-05-02 13:41:07,830.35
2022-05-02 13:41:09,830.35
2022-05-02 13:41:12,830.2
2022-05-02 13:41:14,830.2
2022-05-02 13:41:16,830.35
2022-05-02 13:41:18,830.35
2022-05-02 13:41:20,830.2
2022-05-02 13:41:21,830.35
2022-05-02 13:41:23,830.35
2022-05-02 13:41:26,830.35
2022-05-02 13:41:28,830.4
2022-05-02 13:41:29,830.4
2022-05-02 13:41:31,830.4
2022-05-02 13:41:33,830.4
2022-05-02 13:41:35,830.5
2022-05-02 13:41:36,830.5
2022-05-02 13:41:38,830.5
2022-05-02 13:41:40,830.5
2022-05-02 13:41:41,830.7
2022-05-02 13:41:42,830.7
2022-05-02 13:41:44,830.5
2022-05-02 13:41:46,830.7
2022-05-02 13:42:17,831.3
2022-05-02 13:42:20,831.8
2022-05-02 13:42:22,831.8
2022-05-02 13:42:25,831.8
2022-05-02 13:42:28,831.75
2022-05-02 13:42:31,831.8
2022-05-02 13:42:34,831.25
2022-05-02 13:42:36,831.7
2022-05-02 13:42:39,831.8
2022-05-02 13:42:41,831.6
2022-05-02 13:42:43,831.6
2022-05-02 13:42:45,831
2022-05-02 13:43:18,831.6
2022-05-02 13:43:21,831.5
2022-05-02 13:43:23,831.55
2022-05-02 13:43:26,831.5
2022-05-02 13:43:28,831.7
2022-05-02 13:43:31,831.5
2022-05-02 13:43:34,831.5
2022-05-02 13:43:36,831.4
2022-05-02 13:43:39,831.4
2022-05-02 13:43:41,831.5
2022-05-02 13:43:43,831.5
2022-05-02 13:43:45,831.5
2022-05-02 13:44:18,831.45
2022-05-02 13:44:20,831.1
2022-05-02 13:44:22,831.4
2022-05-02 13:44:24,831.45
2022-05-02 13:44:26,831.45
2022-05-02 13:44:27,831.1
2022-05-02 13:44:29,831.5
2022-05-02 13:44:31,831.45
2022-05-02 13:44:33,831.45
2022-05-02 13:44:35,831.1
2022-05-02 13:44:36,831.45
2022-05-02 13:44:37,831.45
2022-05-02 13:44:39,831.5
2022-05-02 13:44:41,831.5
2022-05-02 13:44:42,831.5
2022-05-02 13:44:44,831.4
2022-05-02 13:45:17,831.2
2022-05-02 13:45:18,831.2
2022-05-02 13:45:20,831.2
2022-05-02 13:45:21,832
2022-05-02 13:45:22,832
2022-05-02 13:45:23,831.9
2022-05-02 13:45:24,831.45
2022-05-02 13:45:25,831.9
2022-05-02 13:45:26,831.35
2022-05-02 13:45:27,831.35
2022-05-02 13:45:29,831.65
2022-05-02 13:45:30,831.25
2022-05-02 13:45:31,831.65
2022-05-02 13:45:32,831.65
2022-05-02 13:45:33,831.65
2022-05-02 13:45:34,831.65
2022-05-02 13:45:35,831.65
2022-05-02 13:45:36,831.25
2022-05-02 13:45:37,831.65
2022-05-02 13:45:38,831.85
2022-05-02 13:45:39,831.85
2022-05-02 13:45:40,831.85
2022-05-02 13:45:41,831.85
2022-05-02 13:45:42,831.85
2022-05-02 13:45:43,831.85
2022-05-02 13:45:45,831.85
2022-05-02 13:45:46,831.85
2022-05-02 13:46:17,831.85
2022-05-02 13:46:18,831.5
2022-05-02 13:46:19,831.5
2022-05-02 13:46:20,831.85
2022-05-02 13:46:22,831.8
2022-05-02 13:46:23,831.35
2022-05-02 13:46:24,830.3
2022-05-02 13:46:25,830.85
2022-05-02 13:46:26,831
2022-05-02 13:46:27,831
2022-05-02 13:46:28,831.1
2022-05-02 13:46:29,831.1
2022-05-02 13:46:30,831.1
2022-05-02 13:46:31,830.75
2022-05-02 13:46:32,831.15
2022-05-02 13:46:33,831.15
2022-05-02 13:46:34,831
2022-05-02 13:46:35,831.1
2022-05-02 13:46:36,830.75
2022-05-02 13:46:37,830.75
2022-05-02 13:46:39,830.75
2022-05-02 13:46:40,830.7
2022-05-02 13:46:41,831.05
2022-05-02 13:46:42,831.05
2022-05-02 13:46:43,831.05
2022-05-02 13:46:44,831.05
2022-05-02 13:46:45,831.05
2022-05-02 13:46:46,831.05
2022-05-02 13:46:47,831.05
2022-05-02 13:46:48,831.05
2022-05-02 13:46:49,831.05
2022-05-02 13:46:50,830.4
2022-05-02 13:46:51,830.4
2022-05-02 13:46:52,830.9
2022-05-02 13:46:54,830.7
2022-05-02 13:46:55,830.4
2022-05-02 13:46:56,830.7
2022-05-02 13:46:57,830.7
2022-05-02 13:46:59,830.4
2022-05-02 13:47:00,830.4
2022-05-02 13:47:01,830.7
2022-05-02 13:47:02,830.4
2022-05-02 13:47:03,830.4
2022-05-02 13:47:05,830.4
2022-05-02 13:47:06,830.7
2022-05-02 13:47:07,830.7
2022-05-02 13:47:08,830.7
2022-05-02 13:47:09,830.7
2022-05-02 13:47:10,830.7
2022-05-02 13:47:12,830.55
2022-05-02 13:47:13,830.55
2022-05-02 13:47:14,830.55
2022-05-02 13:47:15,830.45
2022-05-02 13:47:16,830.7
2022-05-02 13:47:47,830.7
2022-05-02 13:47:48,831
2022-05-02 13:47:49,831
2022-05-02 13:47:50,831
2022-05-02 13:47:52,831
2022-05-02 13:47:53,830.45
2022-05-02 13:47:54,830.45
2022-05-02 13:47:55,830.45
2022-05-02 13:47:56,830.85
2022-05-02 13:47:58,830.85
2022-05-02 13:47:59,830.85
2022-05-02 13:48:00,830.85
2022-05-02 13:48:01,830.85
2022-05-02 13:48:02,830.6
2022-05-02 13:48:03,830.6
2022-05-02 13:48:05,830.75
2022-05-02 13:48:06,830.75
2022-05-02 13:48:07,830.75
2022-05-02 13:48:08,830.75
2022-05-02 13:48:10,830.75
2022-05-02 13:48:11,830.75
2022-05-02 13:48:12,830.75
2022-05-02 13:48:13,830.75
2022-05-02 13:48:14,830.75
2022-05-02 13:48:15,830.45
2022-05-02 13:48:47,830.85
2022-05-02 13:48:48,830.8
2022-05-02 13:48:49,830.45
2022-05-02 13:48:50,830.45
2022-05-02 13:48:51,830.8
2022-05-02 13:48:52,830.8
2022-05-02 13:48:53,830.8
2022-05-02 13:48:54,830.8
2022-05-02 13:48:56,830.8
2022-05-02 13:48:57,830.45
2022-05-02 13:48:59,830.4
2022-05-02 13:49:00,830.45
2022-05-02 13:49:01,830.8
2022-05-02 13:49:02,830.8
2022-05-02 13:49:03,830.8
2022-05-02 13:49:04,830.8
2022-05-02 13:49:05,830.5
2022-05-02 13:49:06,830.7
2022-05-02 13:49:07,830.7
2022-05-02 13:49:08,830.7
2022-05-02 13:49:09,830.7
2022-05-02 13:49:10,830.7
2022-05-02 13:49:11,830.7
2022-05-02 13:49:13,830.7
2022-05-02 13:49:14,830.8
2022-05-02 13:49:15,830.8
2022-05-02 13:49:16,830.8
2022-05-02 13:49:17,830.8
2022-05-02 13:49:18,830.8
2022-05-02 13:49:19,830.8
2022-05-02 13:49:21,830.8
2022-05-02 13:49:22,830.8
2022-05-02 13:49:23,830.8
2022-05-02 13:49:24,830.8
2022-05-02 13:49:25,830.8
2022-05-02 13:49:26,830.8
2022-05-02 13:49:27,830.8
2022-05-02 13:49:28,830.8
2022-05-02 13:49:29,830.8
2022-05-02 13:49:30,831.25
2022-05-02 13:49:31,831.25
2022-05-02 13:49:32,831.25
2022-05-02 13:49:33,831.25
2022-05-02 13:49:35,831.25
2022-05-02 13:49:36,831.25
2022-05-02 13:49:37,831.25
2022-05-02 13:49:38,831.2
2022-05-02 13:49:39,831.2
2022-05-02 13:49:40,831.2
2022-05-02 13:49:41,831.2
2022-05-02 13:49:42,831.2
2022-05-02 13:49:43,831.2
2022-05-02 13:49:44,831.2
2022-05-02 13:49:45,831.2
2022-05-02 13:49:46,831.2
2022-05-02 13:49:47,831.2
2022-05-02 13:49:48,831.15
2022-05-02 13:49:49,831.15
2022-05-02 13:49:50,831.15
2022-05-02 13:49:51,831.15
2022-05-02 13:49:52,831.15
2022-05-02 13:49:53,831.15
2022-05-02 13:49:54,831.15
2022-05-02 13:49:55,831.15
2022-05-02 13:49:56,831.15
2022-05-02 13:49:58,831
2022-05-02 13:49:59,831
2022-05-02 13:50:00,831.2
2022-05-02 13:50:01,830.8
2022-05-02 13:50:02,830.8
2022-05-02 13:50:03,830.8
2022-05-02 13:50:04,830.8
2022-05-02 13:50:05,831.2
2022-05-02 13:50:06,831.2
2022-05-02 13:50:07,830.8
2022-05-02 13:50:08,830.8
2022-05-02 13:50:09,830.8
2022-05-02 13:50:10,830.8
2022-05-02 13:50:11,831.2
2022-05-02 13:50:12,831.2
2022-05-02 13:50:13,830.85
2022-05-02 13:50:14,830.85
2022-05-02 13:50:15,830.85
2022-05-02 13:50:16,831.2
2022-05-02 13:50:17,831.2
2022-05-02 13:50:18,831.2
2022-05-02 13:50:19,831.15
2022-05-02 13:50:20,831.15
2022-05-02 13:50:21,831.2
2022-05-02 13:50:22,831.2
2022-05-02 13:50:23,830.9
2022-05-02 13:50:24,831.2
2022-05-02 13:50:25,831.2
2022-05-02 13:50:26,831.2
2022-05-02 13:50:27,831.25
2022-05-02 13:50:28,831.35
2022-05-02 13:50:29,831.5
2022-05-02 13:50:30,831.5
2022-05-02 13:50:31,831.5
2022-05-02 13:50:32,831.5
2022-05-02 13:50:33,831.5
2022-05-02 13:50:34,831.5
2022-05-02 13:50:35,831.5
2022-05-02 13:50:36,831.5
2022-05-02 13:50:37,831.5
2022-05-02 13:50:38,831.5
2022-05-02 13:50:39,831.35
2022-05-02 13:50:40,831.8
2022-05-02 13:50:41,831.75
2022-05-02 13:50:42,831.75
2022-05-02 13:50:43,831.75
2022-05-02 13:50:45,831.75
2022-05-02 13:50:46,831.75
2022-05-02 13:50:47,831.5
2022-05-02 13:50:48,831.75
2022-05-02 13:50:49,831.75
2022-05-02 13:50:50,831.65
2022-05-02 13:50:51,831.4
2022-05-02 13:50:52,831.4
2022-05-02 13:50:53,831.4
2022-05-02 13:50:54,831.4
2022-05-02 13:50:55,831.4
2022-05-02 13:50:56,831.4
2022-05-02 13:50:57,831.4
2022-05-02 13:50:58,831.4
2022-05-02 13:50:59,831.4
2022-05-02 13:51:00,831.55
2022-05-02 13:51:01,831.55
2022-05-02 13:51:02,831.55
2022-05-02 13:51:04,831.4
2022-05-02 13:51:05,831.4
2022-05-02 13:51:06,831.4
2022-05-02 13:51:07,830.75
2022-05-02 13:51:09,831.15
2022-05-02 13:51:10,830.2
2022-05-02 13:51:11,830.85
2022-05-02 13:51:12,831
2022-05-02 13:51:13,831
2022-05-02 13:51:14,830.05
2022-05-02 13:51:15,830.05
2022-05-02 13:51:16,830.75
2022-05-02 13:51:17,830.75
2022-05-02 13:51:18,830.2
2022-05-02 13:51:19,830.75
2022-05-02 13:51:21,830.75
2022-05-02 13:51:22,830.75
2022-05-02 13:51:23,830.25
2022-05-02 13:51:25,830.75
2022-05-02 13:51:26,830.65
2022-05-02 13:51:27,830.65
2022-05-02 13:51:28,830.65
2022-05-02 13:51:29,830.25
2022-05-02 13:51:30,830.25
2022-05-02 13:51:31,830.7
2022-05-02 13:51:32,830.7
2022-05-02 13:51:34,830.3
2022-05-02 13:51:35,830.25
2022-05-02 13:51:36,830.6
2022-05-02 13:51:37,830.6
2022-05-02 13:51:38,830.6
2022-05-02 13:51:39,830.6
2022-05-02 13:51:40,830.6
2022-05-02 13:51:41,830.75
2022-05-02 13:51:42,830.75
2022-05-02 13:51:43,830.75
2022-05-02 13:51:44,830.75
2022-05-02 13:51:45,830.75
2022-05-02 13:51:46,830.75
2022-05-02 13:51:47,830.75
2022-05-02 13:51:48,830.75
2022-05-02 13:51:49,830.75
2022-05-02 13:51:50,830.75
2022-05-02 13:51:51,830.75
2022-05-02 13:51:52,830.75
2022-05-02 13:51:53,830.25
2022-05-02 13:51:54,830.25
2022-05-02 13:51:55,830.25
2022-05-02 13:51:56,830.65
2022-05-02 13:51:58,830.65
2022-05-02 13:51:59,830.65
2022-05-02 13:52:00,830.65
2022-05-02 13:52:01,830.65
2022-05-02 13:52:02,830.65
2022-05-02 13:52:03,830.65
2022-05-02 13:52:04,830.65
2022-05-02 13:52:05,830.65
2022-05-02 13:52:06,830.6
2022-05-02 13:52:07,830.25
2022-05-02 13:52:08,830.25
2022-05-02 13:52:09,830.25
2022-05-02 13:52:11,830.5
2022-05-02 13:52:12,830.5
2022-05-02 13:52:13,830.5
2022-05-02 13:52:14,830.5
2022-05-02 13:52:15,830.5
2022-05-02 13:52:16,830.5
2022-05-02 13:52:17,830.5
2022-05-02 13:52:18,830.5
2022-05-02 13:52:19,830.5
2022-05-02 13:52:20,830.5
2022-05-02 13:52:21,830.5
2022-05-02 13:52:22,830.5
2022-05-02 13:52:23,830.7
2022-05-02 13:52:25,830.7
2022-05-02 13:52:26,830.7
2022-05-02 13:52:27,830.1
2022-05-02 13:52:28,830.5
2022-05-02 13:52:29,830.5
2022-05-02 13:52:30,830.5
2022-05-02 13:52:31,830.5
2022-05-02 13:52:32,830.5
2022-05-02 13:52:33,830.5
2022-05-02 13:52:34,830.5
2022-05-02 13:52:35,830.65
2022-05-02 13:52:36,830.65
2022-05-02 13:52:37,830.15
2022-05-02 13:52:38,830.55
2022-05-02 13:52:39,830.55
2022-05-02 13:52:40,830.55
2022-05-02 13:52:41,830.6
2022-05-02 13:52:42,830.6
2022-05-02 13:52:43,830.6
2022-05-02 13:52:44,830.6
2022-05-02 13:52:45,830.15
2022-05-02 13:52:46,830.15
2022-05-02 13:52:47,830.15
2022-05-02 13:52:48,830.15
2022-05-02 13:52:49,830.15
2022-05-02 13:52:51,830.6
2022-05-02 13:52:52,830.65
2022-05-02 13:52:53,830.65
2022-05-02 13:52:54,830.6
2022-05-02 13:52:55,830.6
2022-05-02 13:52:56,830.8
2022-05-02 13:52:57,830.8
2022-05-02 13:52:59,830.8
2022-05-02 13:53:00,830.6
2022-05-02 13:53:01,830.6
2022-05-02 13:53:02,830.5
2022-05-02 13:53:03,830.5
2022-05-02 13:53:04,830.5
2022-05-02 13:53:06,830.5
2022-05-02 13:53:07,830.5
2022-05-02 13:53:08,830.5
2022-05-02 13:53:09,830.5
2022-05-02 13:53:10,830.5
2022-05-02 13:53:11,830.5
2022-05-02 13:53:12,830.5
2022-05-02 13:53:13,830.5
2022-05-02 13:53:15,830.5
2022-05-02 13:53:16,830.5
2022-05-02 13:53:17,830.5
2022-05-02 13:53:19,830.5
2022-05-02 13:53:20,830.5
2022-05-02 13:53:21,830.4
2022-05-02 13:53:22,830.1
2022-05-02 13:53:23,830.1
2022-05-02 13:53:24,830.4
2022-05-02 13:53:25,830.4
2022-05-02 13:53:26,830.4
2022-05-02 13:53:27,830.4
2022-05-02 13:53:28,830.5
2022-05-02 13:53:29,830.5
2022-05-02 13:53:30,830.5
2022-05-02 13:53:31,830.4
2022-05-02 13:53:32,830.4
2022-05-02 13:53:33,830.4
2022-05-02 13:53:34,830.4
2022-05-02 13:53:36,830.4
2022-05-02 13:53:37,830.5
2022-05-02 13:53:38,830.5
2022-05-02 13:53:39,830.5
2022-05-02 13:53:40,830.5
2022-05-02 13:53:41,830.5
2022-05-02 13:53:42,830.5
2022-05-02 13:53:44,830.5
2022-05-02 13:53:45,830.5
2022-05-02 13:53:46,830.5
2022-05-02 13:53:47,830.2
2022-05-02 13:53:48,830.45
2022-05-02 13:53:49,830.45
2022-05-02 13:53:50,830.45
2022-05-02 13:53:51,830.2
2022-05-02 13:53:52,830.5
2022-05-02 13:53:53,830.5
2022-05-02 13:53:54,830.5
2022-05-02 13:53:56,830.55
2022-05-02 13:53:57,830.55
2022-05-02 13:53:58,830.55
2022-05-02 13:53:59,830.55
2022-05-02 13:54:01,830.6
2022-05-02 13:54:02,830.6
2022-05-02 13:54:03,830.6
2022-05-02 13:54:04,830.7
2022-05-02 13:54:05,830.5
2022-05-02 13:54:06,830.7
2022-05-02 13:54:07,830.7
2022-05-02 13:54:08,830.55
2022-05-02 13:54:09,830.55
2022-05-02 13:54:10,830.7
2022-05-02 13:54:11,830.7
2022-05-02 13:54:12,830.7
2022-05-02 13:54:14,830.55
2022-05-02 13:54:16,830.55
2022-05-02 13:54:17,830.55
2022-05-02 13:54:18,830.55
2022-05-02 13:54:19,830.55
2022-05-02 13:54:20,830.7
2022-05-02 13:54:21,830.7
2022-05-02 13:54:23,830.7
2022-05-02 13:54:24,830.7
2022-05-02 13:54:25,830.7
2022-05-02 13:54:26,830.7
2022-05-02 13:54:27,830.7
2022-05-02 13:54:28,830.7
2022-05-02 13:54:29,830.5
2022-05-02 13:54:30,830.5
2022-05-02 13:54:31,830.7
2022-05-02 13:54:32,830.7
2022-05-02 13:54:33,830.7
2022-05-02 13:54:34,830.7
2022-05-02 13:54:35,830.7
2022-05-02 13:54:36,830.7
2022-05-02 13:54:37,830.7
2022-05-02 13:54:38,830.7
2022-05-02 13:54:39,830.6
2022-05-02 13:54:40,830.6
2022-05-02 13:54:41,830.7
2022-05-02 13:54:42,830.7
2022-05-02 13:54:43,830.7
2022-05-02 13:54:44,830.7
2022-05-02 13:54:45,830.7
2022-05-02 13:54:46,830.3
2022-05-02 13:54:47,830.3
2022-05-02 13:54:48,830.3
2022-05-02 13:54:50,830
2022-05-02 13:54:51,830.3
2022-05-02 13:54:52,830
2022-05-02 13:54:53,830
2022-05-02 13:54:54,830.25
2022-05-02 13:54:56,830.25
2022-05-02 13:54:57,830.25
2022-05-02 13:54:58,830
2022-05-02 13:54:59,830
2022-05-02 13:55:00,830.35
2022-05-02 13:55:01,830.35
2022-05-02 13:55:02,830.15
2022-05-02 13:55:03,830.1
2022-05-02 13:55:05,830.1
2022-05-02 13:55:06,830.35
2022-05-02 13:55:07,830.35
2022-05-02 13:55:08,830.35
2022-05-02 13:55:10,830.35
2022-05-02 13:55:11,830.35
2022-05-02 13:55:12,830.35
2022-05-02 13:55:13,830.1
2022-05-02 13:55:14,830.1
2022-05-02 13:55:16,830.35
2022-05-02 13:55:17,830.45
2022-05-02 13:55:48,830.25
2022-05-02 13:55:49,830.25
2022-05-02 13:55:50,830
2022-05-02 13:55:51,830.25
2022-05-02 13:55:52,830.05
2022-05-02 13:55:55,830.05
2022-05-02 13:55:56,830.25
2022-05-02 13:55:58,830.25
2022-05-02 13:55:59,830.25
2022-05-02 13:56:00,830.25
2022-05-02 13:56:01,830.25
2022-05-02 13:56:02,830.25
2022-05-02 13:56:03,830.25
2022-05-02 13:56:04,830.7
2022-05-02 13:56:05,830.7
2022-05-02 13:56:06,830.95
2022-05-02 13:56:07,830.95
2022-05-02 13:56:08,831
2022-05-02 13:56:09,831
2022-05-02 13:56:10,830.65
2022-05-02 13:56:11,831
2022-05-02 13:56:12,831
2022-05-02 13:56:13,831
2022-05-02 13:56:14,830.65
2022-05-02 13:56:15,830.65
2022-05-02 13:56:16,831
2022-05-02 13:56:17,831
2022-05-02 13:56:18,831
2022-05-02 13:56:19,831
2022-05-02 13:56:20,830.7
2022-05-02 13:56:21,831
2022-05-02 13:56:22,831
2022-05-02 13:56:23,831
2022-05-02 13:56:24,831
2022-05-02 13:56:25,831
2022-05-02 13:56:26,830.7
2022-05-02 13:56:27,830.7
2022-05-02 13:56:28,831
2022-05-02 13:56:29,831
2022-05-02 13:56:31,830.95
2022-05-02 13:56:32,830.7
2022-05-02 13:56:33,830.7
2022-05-02 13:56:35,830.7
2022-05-02 13:56:36,830.7
2022-05-02 13:56:37,830.55
2022-05-02 13:56:38,830.55
2022-05-02 13:56:39,830.55
2022-05-02 13:56:40,830.55
2022-05-02 13:56:41,830.7
2022-05-02 13:56:42,830.7
2022-05-02 13:56:43,830.7
2022-05-02 13:56:44,830.7
2022-05-02 13:56:45,830.7
2022-05-02 13:56:46,830.7
2022-05-02 13:57:17,830.65
2022-05-02 13:57:18,830.7
2022-05-02 13:57:19,830.7
2022-05-02 13:57:20,830.65
2022-05-02 13:57:21,830.7
2022-05-02 13:57:22,830.7
2022-05-02 13:57:23,830.7
2022-05-02 13:57:24,830.7
2022-05-02 13:57:25,830.65
2022-05-02 13:57:26,830.65
2022-05-02 13:57:27,830.65
2022-05-02 13:57:28,830.65
2022-05-02 13:57:29,830.65
2022-05-02 13:57:30,830.65
2022-05-02 13:57:31,830.7
2022-05-02 13:57:33,830.7
2022-05-02 13:57:34,830.7
2022-05-02 13:57:35,830.7
2022-05-02 13:57:36,830.7
2022-05-02 13:57:38,830.7
2022-05-02 13:57:39,830.7
2022-05-02 13:57:40,830.7
2022-05-02 13:57:41,830.7
2022-05-02 13:57:42,830.9
2022-05-02 13:57:43,830.9
2022-05-02 13:57:44,830.9
2022-05-02 13:57:45,830.45
2022-05-02 13:57:47,830.7
2022-05-02 13:57:48,830.7
2022-05-02 13:57:49,830.65
2022-05-02 13:57:50,830.65
2022-05-02 13:57:51,830.65
2022-05-02 13:57:52,830.65
2022-05-02 13:57:53,830.65
2022-05-02 13:57:54,830.7
2022-05-02 13:57:55,830.45
2022-05-02 13:57:56,830.7
2022-05-02 13:57:57,830.7
2022-05-02 13:57:59,830.7
2022-05-02 13:58:00,830.7
2022-05-02 13:58:01,830.7
2022-05-02 13:58:02,830.7
2022-05-02 13:58:03,830.7
2022-05-02 13:58:04,830.7
2022-05-02 13:58:05,830.7
2022-05-02 13:58:06,831
2022-05-02 13:58:07,831
2022-05-02 13:58:08,830.95
2022-05-02 13:58:10,830.75
2022-05-02 13:58:11,830.75
2022-05-02 13:58:12,830.95
2022-05-02 13:58:13,831
2022-05-02 13:58:14,831
2022-05-02 13:58:15,831
2022-05-02 13:58:16,831
2022-05-02 13:58:17,831
2022-05-02 13:58:19,830.7
2022-05-02 13:58:21,831
2022-05-02 13:58:22,831
2022-05-02 13:58:23,831
2022-05-02 13:58:24,831
2022-05-02 13:58:25,830.7
2022-05-02 13:58:26,831
2022-05-02 13:58:27,830.7
2022-05-02 13:58:28,831
2022-05-02 13:58:29,831
2022-05-02 13:58:30,831
2022-05-02 13:58:31,831
2022-05-02 13:58:32,831
2022-05-02 13:58:33,830.7
2022-05-02 13:58:34,830.7
2022-05-02 13:58:36,831
2022-05-02 13:58:37,831
2022-05-02 13:58:38,831
2022-05-02 13:58:40,831
2022-05-02 13:58:41,831
2022-05-02 13:58:42,831
2022-05-02 13:58:43,830.75
2022-05-02 13:58:44,831
2022-05-02 13:58:45,831
2022-05-02 13:58:46,831
2022-05-02 13:59:17,830.8
2022-05-02 13:59:18,830.8
2022-05-02 13:59:19,830.8
2022-05-02 13:59:20,830.8
2022-05-02 13:59:21,830.8
2022-05-02 13:59:22,830.8
2022-05-02 13:59:23,830.8
2022-05-02 13:59:24,830.8
2022-05-02 13:59:25,830.8
2022-05-02 13:59:26,830.8
2022-05-02 13:59:27,830.95
2022-05-02 13:59:28,831.15
2022-05-02 13:59:29,830.95
2022-05-02 13:59:31,830.95
2022-05-02 13:59:32,830.95
2022-05-02 13:59:33,831.35
2022-05-02 13:59:34,831.35
2022-05-02 13:59:36,830.85
2022-05-02 13:59:37,830.7
2022-05-02 13:59:38,830.7
2022-05-02 13:59:39,830.7
2022-05-02 13:59:40,831.2
2022-05-02 13:59:41,830.95
2022-05-02 13:59:42,830.95
2022-05-02 13:59:44,830.75
2022-05-02 13:59:45,830.75
2022-05-02 13:59:46,830.95
2022-05-02 14:00:17,831.4
2022-05-02 14:00:19,831.4
2022-05-02 14:00:22,831.4
2022-05-02 14:00:25,831.4
2022-05-02 14:00:27,831.4
2022-05-02 14:00:30,831.05
2022-05-02 14:00:32,831.4
2022-05-02 14:00:34,831.05
2022-05-02 14:00:36,831.4
2022-05-02 14:00:38,831.4
2022-05-02 14:00:41,831.5
2022-05-02 14:00:42,831.25
2022-05-02 14:00:44,831.5
2022-05-02 14:00:46,831.5
2022-05-02 14:01:17,831.4
2022-05-02 14:01:19,831.4
2022-05-02 14:01:20,831.1
2022-05-02 14:01:22,831.1
2022-05-02 14:01:24,831.4
2022-05-02 14:01:26,831.35
2022-05-02 14:01:28,831.35
2022-05-02 14:01:29,831.35
2022-05-02 14:01:31,831.3
2022-05-02 14:01:33,831.3
2022-05-02 14:01:35,831.3
2022-05-02 14:01:37,831.3
2022-05-02 14:01:39,831.3
2022-05-02 14:01:41,831.3
2022-05-02 14:01:43,831.4
2022-05-02 14:01:45,831
2022-05-02 14:02:19,831.35
2022-05-02 14:02:21,831.3
2022-05-02 14:02:23,831.35
2022-05-02 14:02:25,831.35
2022-05-02 14:02:28,831.25
2022-05-02 14:02:31,831.25
2022-05-02 14:02:33,831.4
2022-05-02 14:02:35,831.4
2022-05-02 14:02:38,831.2
2022-05-02 14:02:40,831.3
2022-05-02 14:02:44,830.7
2022-05-02 14:02:47,830.85
2022-05-02 14:03:18,830.5
2022-05-02 14:03:20,830.5
2022-05-02 14:03:22,830.5
2022-05-02 14:03:24,830.5
2022-05-02 14:03:26,830.5
2022-05-02 14:03:28,830.5
2022-05-02 14:03:29,830.5
2022-05-02 14:03:31,830.5
2022-05-02 14:03:33,830.5
2022-05-02 14:03:35,830.5
2022-05-02 14:03:37,830.5
2022-05-02 14:03:39,830.15
2022-05-02 14:03:40,830.5
2022-05-02 14:03:42,830.5
2022-05-02 14:03:44,830.5
2022-05-02 14:03:45,830.5
2022-05-02 14:03:48,830.55
2022-05-02 14:03:51,830.85
2022-05-02 14:03:53,830.85
2022-05-02 14:03:55,830.85
2022-05-02 14:03:58,830.8
2022-05-02 14:04:00,830.8
2022-05-02 14:04:02,830.95
2022-05-02 14:04:04,830.95
2022-05-02 14:04:06,830.6
2022-05-02 14:04:09,830.6
2022-05-02 14:04:11,830.95
2022-05-02 14:04:12,830.95
2022-05-02 14:04:14,830.95
2022-05-02 14:04:16,830.9
2022-05-02 14:04:48,830.5
2022-05-02 14:04:50,830.5
2022-05-02 14:04:53,830.7
2022-05-02 14:04:56,830.5
2022-05-02 14:05:00,830.7
2022-05-02 14:05:03,830.5
2022-05-02 14:05:05,830.5
2022-05-02 14:05:08,830.7
2022-05-02 14:05:10,830.7
2022-05-02 14:05:12,830.25
2022-05-02 14:05:14,830.7
2022-05-02 14:05:16,830.7
2022-05-02 14:05:18,830.7
2022-05-02 14:05:20,830.7
2022-05-02 14:05:22,830.7
2022-05-02 14:05:24,830.7
2022-05-02 14:05:26,830.65
2022-05-02 14:05:27,830.65
2022-05-02 14:05:29,830.65
2022-05-02 14:05:31,830.3
2022-05-02 14:05:33,830.6
2022-05-02 14:05:35,830.6
2022-05-02 14:05:38,830.3
2022-05-02 14:05:40,830.6
2022-05-02 14:05:42,830.3
2022-05-02 14:05:44,830.3
2022-05-02 14:05:46,830.6
2022-05-02 14:05:48,830.6
2022-05-02 14:05:50,830.6
2022-05-02 14:05:51,830.3
2022-05-02 14:05:53,830.3
2022-05-02 14:05:55,830.6
2022-05-02 14:05:57,830.6
2022-05-02 14:05:59,830.6
2022-05-02 14:06:01,830.6
2022-05-02 14:06:04,830.6
2022-05-02 14:06:07,830.6
2022-05-02 14:06:10,830.6
2022-05-02 14:06:12,830.7
2022-05-02 14:06:15,830.7
2022-05-02 14:06:47,830.9
2022-05-02 14:06:49,830.7
2022-05-02 14:06:51,830.65
2022-05-02 14:06:53,830.65
2022-05-02 14:06:55,830.65
2022-05-02 14:06:57,830.9
2022-05-02 14:06:59,830.9
2022-05-02 14:07:01,830.9
2022-05-02 14:07:02,830.9
2022-05-02 14:07:04,830.95
2022-05-02 14:07:06,830.9
2022-05-02 14:07:08,830.9
2022-05-02 14:07:10,830.9
2022-05-02 14:07:12,830.9
2022-05-02 14:07:13,831
2022-05-02 14:07:15,831
2022-05-02 14:07:47,830.8
2022-05-02 14:07:49,830.8
2022-05-02 14:07:51,830.8
2022-05-02 14:07:53,830.6
2022-05-02 14:07:55,830.6
2022-05-02 14:07:59,830.8
2022-05-02 14:08:01,830.8
2022-05-02 14:08:04,830.6
2022-05-02 14:08:06,830.75
2022-05-02 14:08:08,830.75
2022-05-02 14:08:10,830.75
2022-05-02 14:08:13,830.75
2022-05-02 14:08:15,830.75
2022-05-02 14:08:47,830.75
2022-05-02 14:08:49,830.5
2022-05-02 14:08:51,830.75
2022-05-02 14:08:53,830.75
2022-05-02 14:08:56,830.75
2022-05-02 14:08:58,830.75
2022-05-02 14:09:00,830.9
2022-05-02 14:09:03,830.65
2022-05-02 14:09:05,830.9
2022-05-02 14:09:07,830.65
2022-05-02 14:09:09,830.8
2022-05-02 14:09:11,830.65
2022-05-02 14:09:13,830.75
2022-05-02 14:09:15,830.75
2022-05-02 14:09:17,831
2022-05-02 14:09:19,831
2022-05-02 14:09:22,831.15
2022-05-02 14:09:25,831.3
2022-05-02 14:09:27,831.3
2022-05-02 14:09:30,831.5
2022-05-02 14:09:33,831.55
2022-05-02 14:09:35,831.55
2022-05-02 14:09:38,831.55
2022-05-02 14:09:40,831.5
2022-05-02 14:09:43,831.5
2022-05-02 14:09:45,831.5
2022-05-02 14:09:47,831.2
2022-05-02 14:10:18,831.75
2022-05-02 14:10:20,831.65
2022-05-02 14:10:22,831.65
2022-05-02 14:10:25,831
2022-05-02 14:10:27,831.45
2022-05-02 14:10:29,831.45
2022-05-02 14:10:31,831.3
2022-05-02 14:10:33,831.3
2022-05-02 14:10:35,831.2
2022-05-02 14:10:38,831.2
2022-05-02 14:10:40,831.1
2022-05-02 14:10:44,831
2022-05-02 14:10:46,831.05
2022-05-02 14:11:18,831.3
2022-05-02 14:11:20,831.3
2022-05-02 14:11:21,831.35
2022-05-02 14:11:23,831.35
2022-05-02 14:11:26,831
2022-05-02 14:11:30,831
2022-05-02 14:11:33,831.3
2022-05-02 14:11:35,831.1
2022-05-02 14:11:38,831.35
2022-05-02 14:11:40,831.35
2022-05-02 14:11:44,831.6
2022-05-02 14:12:19,831.2
2022-05-02 14:12:22,831.25
2022-05-02 14:12:25,831.2
2022-05-02 14:12:28,831.25
2022-05-02 14:12:30,831.25
2022-05-02 14:12:32,831.25
2022-05-02 14:12:34,831.2
2022-05-02 14:12:36,831.25
2022-05-02 14:12:38,831.2
2022-05-02 14:12:40,831.2
2022-05-02 14:12:42,831.05
2022-05-02 14:12:44,831.25
2022-05-02 14:12:46,831.15
2022-05-02 14:13:17,831.1
2022-05-02 14:13:20,831
2022-05-02 14:13:23,831.1
2022-05-02 14:13:26,831.1
2022-05-02 14:13:28,831.2
2022-05-02 14:13:30,831
2022-05-02 14:13:32,831.05
2022-05-02 14:13:35,831
2022-05-02 14:13:37,831
2022-05-02 14:13:39,831
2022-05-02 14:13:40,831.05
2022-05-02 14:13:42,831
2022-05-02 14:13:44,831.1
2022-05-02 14:13:46,831.05
2022-05-02 14:14:17,831.2
2022-05-02 14:14:20,831.05
2022-05-02 14:14:23,831.05
2022-05-02 14:14:26,830.9
2022-05-02 14:14:28,830.9
2022-05-02 14:14:31,830.9
2022-05-02 14:14:33,830.8
2022-05-02 14:14:37,830.95
2022-05-02 14:14:40,830.8
2022-05-02 14:14:42,830.95
2022-05-02 14:14:44,830.95
2022-05-02 14:14:47,830.8
2022-05-02 14:15:17,831.1
2022-05-02 14:15:21,831.1
2022-05-02 14:15:25,831.4
2022-05-02 14:15:29,831.1
2022-05-02 14:15:33,831.1
2022-05-02 14:15:37,831.2
2022-05-02 14:15:40,831.2
2022-05-02 14:15:43,831.1
2022-05-02 14:15:46,831.1
2022-05-02 14:16:17,831.1
2022-05-02 14:16:19,831
2022-05-02 14:16:20,831.1
2022-05-02 14:16:22,831
2022-05-02 14:16:24,831
2022-05-02 14:16:26,831.1
2022-05-02 14:16:28,831.1
2022-05-02 14:16:31,831.1
2022-05-02 14:16:34,831
2022-05-02 14:16:36,831.1
2022-05-02 14:16:38,831
2022-05-02 14:16:41,831.1
2022-05-02 14:16:43,831
2022-05-02 14:16:45,831.1
2022-05-02 14:16:47,831.1
2022-05-02 14:17:18,831
2022-05-02 14:17:19,831
2022-05-02 14:17:21,831.1
2022-05-02 14:17:23,831
2022-05-02 14:17:25,831.1
2022-05-02 14:17:26,831.1
2022-05-02 14:17:27,831.1
2022-05-02 14:17:29,831
2022-05-02 14:17:31,831.1
2022-05-02 14:17:33,831.1
2022-05-02 14:17:35,831
2022-05-02 14:17:37,831.1
2022-05-02 14:17:38,831
2022-05-02 14:17:40,831.1
2022-05-02 14:17:42,831.1
2022-05-02 14:17:44,831.05
2022-05-02 14:17:45,831.1
2022-05-02 14:18:17,831
2022-05-02 14:18:20,831
2022-05-02 14:18:23,831.1
2022-05-02 14:18:26,831.1
2022-05-02 14:18:28,831.1
2022-05-02 14:18:30,831.1
2022-05-02 14:18:32,831.1
2022-05-02 14:18:34,831
2022-05-02 14:18:37,831.1
2022-05-02 14:18:38,831.05
2022-05-02 14:18:41,831.1
2022-05-02 14:18:43,831
2022-05-02 14:18:45,831.1
2022-05-02 14:18:47,831.1
2022-05-02 14:19:18,831.1
2022-05-02 14:19:20,831
2022-05-02 14:19:22,831
2022-05-02 14:19:24,831.05
2022-05-02 14:19:25,830.8
2022-05-02 14:19:27,830.75
2022-05-02 14:19:29,830.7
2022-05-02 14:19:30,830.65
2022-05-02 14:19:32,830.65
2022-05-02 14:19:34,830.7
2022-05-02 14:19:36,830.75
2022-05-02 14:19:37,830.65
2022-05-02 14:19:40,830.75
2022-05-02 14:19:44,830.75
2022-05-02 14:19:46,830.7
2022-05-02 14:20:19,830.75
2022-05-02 14:20:21,830.9
2022-05-02 14:20:23,830.7
2022-05-02 14:20:25,830.65
2022-05-02 14:20:27,830.65
2022-05-02 14:20:29,830.7
2022-05-02 14:20:31,830.7
2022-05-02 14:20:33,830.8
2022-05-02 14:20:34,830.8
2022-05-02 14:20:36,830.8
2022-05-02 14:20:38,831
2022-05-02 14:20:40,831.05
2022-05-02 14:20:42,831.05
2022-05-02 14:20:44,831.05
2022-05-02 14:20:45,831
2022-05-02 14:21:17,831.05
2022-05-02 14:21:19,831
2022-05-02 14:21:21,831.05
2022-05-02 14:21:23,831
2022-05-02 14:21:26,831.05
2022-05-02 14:21:28,831
2022-05-02 14:21:30,831
2022-05-02 14:21:32,831.05
2022-05-02 14:21:34,831
2022-05-02 14:21:36,831.05
2022-05-02 14:21:39,831
2022-05-02 14:21:42,831.05
2022-05-02 14:21:45,831.05
2022-05-02 14:22:17,831.1
2022-05-02 14:22:20,831.1
2022-05-02 14:22:22,831.4
2022-05-02 14:22:23,831
2022-05-02 14:22:25,831
2022-05-02 14:22:26,831.1
2022-05-02 14:22:28,831.1
2022-05-02 14:22:30,831.05
2022-05-02 14:22:32,831.1
2022-05-02 14:22:34,831.05
2022-05-02 14:22:36,831.1
2022-05-02 14:22:39,831.05
2022-05-02 14:22:41,831.1
2022-05-02 14:22:42,831.05
2022-05-02 14:22:44,831.05
2022-05-02 14:22:47,831
2022-05-02 14:23:19,831.15
2022-05-02 14:23:22,831.45
2022-05-02 14:23:25,831.15
2022-05-02 14:23:28,831.15
2022-05-02 14:23:30,831.15
2022-05-02 14:23:33,831.1
2022-05-02 14:23:35,831
2022-05-02 14:23:37,831
2022-05-02 14:23:39,830.95
2022-05-02 14:23:41,830.9
2022-05-02 14:23:43,830.8
2022-05-02 14:23:44,830.7
2022-05-02 14:23:46,830.8
2022-05-02 14:24:19,830.6
2022-05-02 14:24:21,830.65
2022-05-02 14:24:24,830.65
2022-05-02 14:24:27,830.75
2022-05-02 14:24:28,830.8
2022-05-02 14:24:31,830.8
2022-05-02 14:24:32,830.65
2022-05-02 14:24:35,830.65
2022-05-02 14:24:37,830.65
2022-05-02 14:24:39,830.65
2022-05-02 14:24:41,830.8
2022-05-02 14:24:43,830.65
2022-05-02 14:24:44,830.8
2022-05-02 14:24:46,830.8
2022-05-02 14:25:18,830.65
2022-05-02 14:25:20,830.65
2022-05-02 14:25:22,830.65
2022-05-02 14:25:24,830.65
2022-05-02 14:25:26,830.65
2022-05-02 14:25:29,830.65
2022-05-02 14:25:31,830.8
2022-05-02 14:25:33,830.8
2022-05-02 14:25:34,830.65
2022-05-02 14:25:36,830.8
2022-05-02 14:25:38,830.65
2022-05-02 14:25:40,830.8
2022-05-02 14:25:42,830.8
2022-05-02 14:25:44,830.65
2022-05-02 14:25:46,830.8
2022-05-02 14:26:18,831
2022-05-02 14:26:21,831.1
2022-05-02 14:26:23,831.05
2022-05-02 14:26:25,831.05
2022-05-02 14:26:28,831.1
2022-05-02 14:26:31,831.1
2022-05-02 14:26:34,831.05
2022-05-02 14:26:36,831.1
2022-05-02 14:26:38,831.1
2022-05-02 14:26:40,831.1
2022-05-02 14:26:42,831.1
2022-05-02 14:26:44,831.35
2022-05-02 14:26:46,831.2
2022-05-02 14:27:17,831.25
2022-05-02 14:27:22,831.25
2022-05-02 14:27:26,831.25
2022-05-02 14:27:30,831.1
2022-05-02 14:27:32,831.4
2022-05-02 14:27:35,831.15
2022-05-02 14:27:38,831.15
2022-05-02 14:27:42,831.4
2022-05-02 14:27:45,831.45
2022-05-02 14:28:17,831.1
2022-05-02 14:28:19,831.1
2022-05-02 14:28:22,831.2
2022-05-02 14:28:25,831.3
2022-05-02 14:28:27,831.45
2022-05-02 14:28:30,831.45
2022-05-02 14:28:33,831.25
2022-05-02 14:28:35,831.05
2022-05-02 14:28:38,831.15
2022-05-02 14:28:40,831.1
2022-05-02 14:28:42,831.1
2022-05-02 14:28:44,831.2
2022-05-02 14:28:46,831.2
2022-05-02 14:28:48,831.1
2022-05-02 14:28:50,831.1
2022-05-02 14:28:53,831.05
2022-05-02 14:28:56,831.45
2022-05-02 14:28:58,831.2
2022-05-02 14:29:00,831.45
2022-05-02 14:29:03,831.45
2022-05-02 14:29:05,831.3
2022-05-02 14:29:07,831.3
2022-05-02 14:29:09,831.45
2022-05-02 14:29:10,831.3
2022-05-02 14:29:12,831.45
2022-05-02 14:29:15,831.45
2022-05-02 14:29:18,831.45
2022-05-02 14:29:20,831.3
2022-05-02 14:29:22,831.4
2022-05-02 14:29:24,831.45
2022-05-02 14:29:26,831.3
2022-05-02 14:29:28,831.25
2022-05-02 14:29:30,831.15
2022-05-02 14:29:33,831.15
2022-05-02 14:29:35,831.1
2022-05-02 14:29:37,831.15
2022-05-02 14:29:39,831.15
2022-05-02 14:29:41,831.15
2022-05-02 14:29:43,831.25
2022-05-02 14:29:45,831
2022-05-02 14:29:47,831.05
2022-05-02 14:30:19,831.15
2022-05-02 14:30:22,831.15
2022-05-02 14:30:24,831.15
2022-05-02 14:30:26,831.15
2022-05-02 14:30:28,831.05
2022-05-02 14:30:30,831.05
2022-05-02 14:30:32,831
2022-05-02 14:30:34,831.05
2022-05-02 14:30:37,831.05
2022-05-02 14:30:39,831.15
2022-05-02 14:30:42,831.1
2022-05-02 14:30:44,831
2022-05-02 14:30:46,831.05
2022-05-02 14:30:49,831.15
2022-05-02 14:30:52,831.15
2022-05-02 14:30:56,831.35
2022-05-02 14:30:59,831.15
2022-05-02 14:31:01,831.35
2022-05-02 14:31:04,831.35
2022-05-02 14:31:07,831.15
2022-05-02 14:31:10,831
2022-05-02 14:31:14,831
2022-05-02 14:31:49,831.1
2022-05-02 14:31:52,831.05
2022-05-02 14:31:55,831.05
2022-05-02 14:31:57,831.05
2022-05-02 14:32:00,831
2022-05-02 14:32:02,831
2022-05-02 14:32:04,831.05
2022-05-02 14:32:07,831.05
2022-05-02 14:32:11,831.15
2022-05-02 14:32:15,831.15
2022-05-02 14:32:50,831.35
2022-05-02 14:32:53,831.15
2022-05-02 14:32:55,831
2022-05-02 14:32:57,831
2022-05-02 14:33:00,831.2
2022-05-02 14:33:03,831.1
2022-05-02 14:33:06,831.2
2022-05-02 14:33:09,831.2
2022-05-02 14:33:12,831.1
2022-05-02 14:33:16,831.2
2022-05-02 14:33:50,831.05
2022-05-02 14:33:54,830.95
2022-05-02 14:33:56,831
2022-05-02 14:33:59,830.95
2022-05-02 14:34:02,830.3
2022-05-02 14:34:05,830.85
2022-05-02 14:34:08,830.45
2022-05-02 14:34:11,830.45
2022-05-02 14:34:14,830
2022-05-02 14:34:16,830
2022-05-02 14:34:49,830
2022-05-02 14:34:52,830
2022-05-02 14:34:54,829.7
2022-05-02 14:34:58,829.95
2022-05-02 14:35:01,829.8
2022-05-02 14:35:04,829.8
2022-05-02 14:35:06,829.8
2022-05-02 14:35:09,830.2
2022-05-02 14:35:10,829.8
2022-05-02 14:35:11,830
2022-05-02 14:35:12,830.15
2022-05-02 14:35:13,829.8
2022-05-02 14:35:14,829.8
2022-05-02 14:35:15,829.75
2022-05-02 14:35:16,830.15
2022-05-02 14:35:17,830.15
2022-05-02 14:35:48,830.15
2022-05-02 14:35:49,830.15
2022-05-02 14:35:50,830.05
2022-05-02 14:35:51,830.05
2022-05-02 14:35:52,830.15
2022-05-02 14:35:53,830.05
2022-05-02 14:35:54,830.05
2022-05-02 14:35:55,830.05
2022-05-02 14:35:56,830.15
2022-05-02 14:35:57,830.15
2022-05-02 14:35:58,830.15
2022-05-02 14:35:59,830.1
2022-05-02 14:36:00,830.1
2022-05-02 14:36:01,830.15
2022-05-02 14:36:02,830.05
2022-05-02 14:36:03,830.05
2022-05-02 14:36:04,830
2022-05-02 14:36:05,830.05
2022-05-02 14:36:06,830.05
2022-05-02 14:36:07,830
2022-05-02 14:36:08,830
2022-05-02 14:36:09,830
2022-05-02 14:36:10,830.15
2022-05-02 14:36:11,830.05
2022-05-02 14:36:12,830
2022-05-02 14:36:13,830.05
2022-05-02 14:36:14,830
2022-05-02 14:36:15,830.05
2022-05-02 14:36:16,830.05
2022-05-02 14:36:17,830.05
2022-05-02 14:36:47,830.3
2022-05-02 14:36:48,830.15
2022-05-02 14:36:49,830.15
2022-05-02 14:36:50,830.15
2022-05-02 14:36:51,830.1
2022-05-02 14:36:52,830
2022-05-02 14:36:53,830
2022-05-02 14:36:54,829.85
2022-05-02 14:36:55,829.8
2022-05-02 14:36:56,830
2022-05-02 14:36:57,830
2022-05-02 14:36:58,830
2022-05-02 14:36:59,830
2022-05-02 14:37:00,830
2022-05-02 14:37:01,829.8
2022-05-02 14:37:02,830
2022-05-02 14:37:03,830
2022-05-02 14:37:04,829.8
2022-05-02 14:37:05,829.8
2022-05-02 14:37:06,830
2022-05-02 14:37:07,830
2022-05-02 14:37:08,829.75
2022-05-02 14:37:09,830
2022-05-02 14:37:10,830
2022-05-02 14:37:11,829.95
2022-05-02 14:37:12,829.75
2022-05-02 14:37:13,829.95
2022-05-02 14:37:14,829.75
2022-05-02 14:37:15,829.75
2022-05-02 14:37:16,829.95
2022-05-02 14:37:17,829.95
2022-05-02 14:37:48,829.95
2022-05-02 14:37:49,829.5
2022-05-02 14:37:50,829.5
2022-05-02 14:37:51,829.95
2022-05-02 14:37:52,829.95
2022-05-02 14:37:53,829.95
2022-05-02 14:37:54,829.95
2022-05-02 14:37:55,829.95
2022-05-02 14:37:56,829.95
2022-05-02 14:37:57,829.95
2022-05-02 14:37:58,829.95
2022-05-02 14:37:59,829.65
2022-05-02 14:38:00,829.65
2022-05-02 14:38:01,829.65
2022-05-02 14:38:02,829.4
2022-05-02 14:38:03,829.4
2022-05-02 14:38:04,829.4
2022-05-02 14:38:05,829.35
2022-05-02 14:38:06,829.4
2022-05-02 14:38:07,829.4
2022-05-02 14:38:08,829.35
2022-05-02 14:38:09,829.3
2022-05-02 14:38:10,829.3
2022-05-02 14:38:11,829.5
2022-05-02 14:38:12,829.5
2022-05-02 14:38:13,829.55
2022-05-02 14:38:14,829.55
2022-05-02 14:38:15,829.55
2022-05-02 14:38:16,829.45
2022-05-02 14:38:17,829.45
2022-05-02 14:38:48,829.1
2022-05-02 14:38:49,829.1
2022-05-02 14:38:50,829.1
2022-05-02 14:38:51,829.35
2022-05-02 14:38:52,829.2
2022-05-02 14:38:53,829.2
2022-05-02 14:38:54,829.2
2022-05-02 14:38:55,829.2
2022-05-02 14:38:56,829.2
2022-05-02 14:38:57,829.2
2022-05-02 14:38:58,829.05
2022-05-02 14:38:59,829.2
2022-05-02 14:39:00,829.2
2022-05-02 14:39:01,829.2
2022-05-02 14:39:02,829.2
2022-05-02 14:39:03,829.2
2022-05-02 14:39:04,829.2
2022-05-02 14:39:05,829.2
2022-05-02 14:39:06,829.55
2022-05-02 14:39:07,829.1
2022-05-02 14:39:08,829.1
2022-05-02 14:39:09,829.1
2022-05-02 14:39:10,829.1
2022-05-02 14:39:11,829.35
2022-05-02 14:39:12,829.35
2022-05-02 14:39:13,829.35
2022-05-02 14:39:14,829.35
2022-05-02 14:39:15,829.35
2022-05-02 14:39:16,829.35
2022-05-02 14:39:17,829.35
2022-05-02 14:39:48,829.15
2022-05-02 14:39:49,829.15
2022-05-02 14:39:50,829.15
2022-05-02 14:39:51,829.15
2022-05-02 14:39:52,829.15
2022-05-02 14:39:53,829.15
2022-05-02 14:39:54,829.15
2022-05-02 14:39:55,829.15
2022-05-02 14:39:56,829.15
2022-05-02 14:39:57,829.15
2022-05-02 14:39:58,829.15
2022-05-02 14:39:59,829.1
2022-05-02 14:40:00,829.15
2022-05-02 14:40:01,829.1
2022-05-02 14:40:02,829.3
2022-05-02 14:40:03,829
2022-05-02 14:40:04,829.35
2022-05-02 14:40:05,829.35
2022-05-02 14:40:06,829.3
2022-05-02 14:40:07,829.3
2022-05-02 14:40:08,829.1
2022-05-02 14:40:09,829.1
2022-05-02 14:40:10,829.35
2022-05-02 14:40:11,829.35
2022-05-02 14:40:12,829.1
2022-05-02 14:40:13,829.1
2022-05-02 14:40:14,829.1
2022-05-02 14:40:15,829.1
2022-05-02 14:40:16,829.35
2022-05-02 14:40:17,829.1
2022-05-02 14:40:18,829.1
2022-05-02 14:40:19,829.1
2022-05-02 14:40:20,829.35
2022-05-02 14:40:21,829.35
2022-05-02 14:40:22,829.35
2022-05-02 14:40:23,829.35
2022-05-02 14:40:24,829.35
2022-05-02 14:40:25,829.35
2022-05-02 14:40:26,829.3
2022-05-02 14:40:27,829.3
2022-05-02 14:40:28,829.1
2022-05-02 14:40:29,829
2022-05-02 14:40:30,829.1
2022-05-02 14:40:31,829.1
2022-05-02 14:40:32,829.1
2022-05-02 14:40:33,829.1
2022-05-02 14:40:34,829.1
2022-05-02 14:40:35,829.1
2022-05-02 14:40:36,829.35
2022-05-02 14:40:37,829.1
2022-05-02 14:40:38,829.35
2022-05-02 14:40:39,829.35
2022-05-02 14:40:40,829.1
2022-05-02 14:40:41,829.35
2022-05-02 14:40:42,829.35
2022-05-02 14:40:43,829.35
2022-05-02 14:40:44,829.25
2022-05-02 14:40:45,829.35
2022-05-02 14:40:46,829.35
2022-05-02 14:40:47,829.35
2022-05-02 14:40:48,829.05
2022-05-02 14:40:49,829.05
2022-05-02 14:40:50,829.05
2022-05-02 14:40:51,829.35
2022-05-02 14:40:52,829.35
2022-05-02 14:40:53,829.35
2022-05-02 14:40:55,829.35
2022-05-02 14:40:56,829.35
2022-05-02 14:40:57,829.35
2022-05-02 14:40:58,829.35
2022-05-02 14:40:59,829.35
2022-05-02 14:41:00,829.35
2022-05-02 14:41:01,829.35
2022-05-02 14:41:02,829.35
2022-05-02 14:41:03,829.35
2022-05-02 14:41:04,829.35
2022-05-02 14:41:05,829.35
2022-05-02 14:41:06,829.3
2022-05-02 14:41:07,829.3
2022-05-02 14:41:08,829.3
2022-05-02 14:41:09,829.3
2022-05-02 14:41:10,829.3
2022-05-02 14:41:11,829.3
2022-05-02 14:41:12,829.3
2022-05-02 14:41:13,829.3
2022-05-02 14:41:14,829.3
2022-05-02 14:41:15,829
2022-05-02 14:41:16,829
2022-05-02 14:41:17,829.3
2022-05-02 14:41:18,829.3
2022-05-02 14:41:19,829.3
2022-05-02 14:41:20,829.3
2022-05-02 14:41:21,829.3
2022-05-02 14:41:22,829.3
2022-05-02 14:41:23,829.3
2022-05-02 14:41:24,829
2022-05-02 14:41:25,829
2022-05-02 14:41:26,829.3
2022-05-02 14:41:27,829.3
2022-05-02 14:41:28,829.3
2022-05-02 14:41:29,829.3
2022-05-02 14:41:30,829.3
2022-05-02 14:41:31,829.3
2022-05-02 14:41:32,829.3
2022-05-02 14:41:33,829.3
2022-05-02 14:41:34,829.3
2022-05-02 14:41:35,829.3
2022-05-02 14:41:36,829.3
2022-05-02 14:41:37,829.3
2022-05-02 14:41:38,829.3
2022-05-02 14:41:40,829.3
2022-05-02 14:41:41,829.3
2022-05-02 14:41:43,829.3
2022-05-02 14:41:44,829.3
2022-05-02 14:41:45,829.3
2022-05-02 14:41:46,829.3
2022-05-02 14:41:48,829.3
2022-05-02 14:41:49,829.3
2022-05-02 14:41:50,829.3
2022-05-02 14:41:51,829.3
2022-05-02 14:41:52,829.05
2022-05-02 14:41:53,829.05
2022-05-02 14:41:54,829.05
2022-05-02 14:41:55,829.3
2022-05-02 14:41:56,829.3
2022-05-02 14:41:57,829.05
2022-05-02 14:41:58,829.05
2022-05-02 14:41:59,829.05
2022-05-02 14:42:00,829.3
2022-05-02 14:42:01,829.3
2022-05-02 14:42:02,829.3
2022-05-02 14:42:03,829.1
2022-05-02 14:42:04,829.3
2022-05-02 14:42:05,829.3
2022-05-02 14:42:06,829.3
2022-05-02 14:42:07,829.1
2022-05-02 14:42:08,829.1
2022-05-02 14:42:10,829.3
2022-05-02 14:42:11,829.1
2022-05-02 14:42:12,829.3
2022-05-02 14:42:13,829.3
2022-05-02 14:42:14,829.3
2022-05-02 14:42:15,829.3
2022-05-02 14:42:16,829.3
2022-05-02 14:42:17,829.3
2022-05-02 14:42:18,829.3
2022-05-02 14:42:19,829.3
2022-05-02 14:42:20,829.3
2022-05-02 14:42:21,829.45
2022-05-02 14:42:22,830
2022-05-02 14:42:23,830
2022-05-02 14:42:24,829.55
2022-05-02 14:42:25,829.55
2022-05-02 14:42:26,829.95
2022-05-02 14:42:27,829.95
2022-05-02 14:42:28,829.9
2022-05-02 14:42:29,829.9
2022-05-02 14:42:30,829.9
2022-05-02 14:42:31,829.95
2022-05-02 14:42:32,829.95
2022-05-02 14:42:33,829.95
2022-05-02 14:42:34,829.95
2022-05-02 14:42:35,829.95
2022-05-02 14:42:36,830
2022-05-02 14:42:37,830
2022-05-02 14:42:38,830
2022-05-02 14:42:39,830
2022-05-02 14:42:40,829.55
2022-05-02 14:42:41,830
2022-05-02 14:42:42,830
2022-05-02 14:42:43,830
2022-05-02 14:42:44,829.55
2022-05-02 14:42:45,829.55
2022-05-02 14:42:46,830
2022-05-02 14:42:47,830
2022-05-02 14:42:48,829.55
2022-05-02 14:42:49,829.55
2022-05-02 14:42:50,829.55
2022-05-02 14:42:51,829.8
2022-05-02 14:42:52,829.85
2022-05-02 14:42:53,829.85
2022-05-02 14:42:54,829.55
2022-05-02 14:42:55,829.55
2022-05-02 14:42:56,829.85
2022-05-02 14:42:57,829.8
2022-05-02 14:42:58,829.8
2022-05-02 14:42:59,829.8
2022-05-02 14:43:00,829.55
2022-05-02 14:43:01,829.85
2022-05-02 14:43:02,829.85
2022-05-02 14:43:03,829.55
2022-05-02 14:43:04,829.95
2022-05-02 14:43:05,829.55
2022-05-02 14:43:06,829.85
2022-05-02 14:43:07,829.55
2022-05-02 14:43:08,829.85
2022-05-02 14:43:09,829.85
2022-05-02 14:43:10,829.85
2022-05-02 14:43:11,829.85
2022-05-02 14:43:12,829.85
2022-05-02 14:43:13,829.85
2022-05-02 14:43:14,829.8
2022-05-02 14:43:15,829.8
2022-05-02 14:43:16,829.85
2022-05-02 14:43:47,829.75
2022-05-02 14:43:48,829.75
2022-05-02 14:43:49,829.8
2022-05-02 14:43:50,829.6
2022-05-02 14:43:51,829.95
2022-05-02 14:43:53,829.95
2022-05-02 14:43:54,829.95
2022-05-02 14:43:55,829.95
2022-05-02 14:43:56,829.95
2022-05-02 14:43:57,829.7
2022-05-02 14:43:58,829.7
2022-05-02 14:43:59,829.7
2022-05-02 14:44:00,829.7
2022-05-02 14:44:01,829.9
2022-05-02 14:44:02,829.95
2022-05-02 14:44:03,829.95
2022-05-02 14:44:04,829.95
2022-05-02 14:44:05,829.95
2022-05-02 14:44:06,829.95
2022-05-02 14:44:07,829.7
2022-05-02 14:44:08,829.95
2022-05-02 14:44:09,829.95
2022-05-02 14:44:10,829.6
2022-05-02 14:44:11,829.95
2022-05-02 14:44:12,830
2022-05-02 14:44:13,829.95
2022-05-02 14:44:14,829.95
2022-05-02 14:44:15,829.9
2022-05-02 14:44:16,829.6
2022-05-02 14:44:18,830
2022-05-02 14:44:19,829.9
2022-05-02 14:44:20,830
2022-05-02 14:44:21,830
2022-05-02 14:44:22,830
2022-05-02 14:44:23,830
2022-05-02 14:44:24,830
2022-05-02 14:44:25,830
2022-05-02 14:44:26,830
2022-05-02 14:44:27,830
2022-05-02 14:44:28,829.95
2022-05-02 14:44:30,830
2022-05-02 14:44:31,830
2022-05-02 14:44:32,830
2022-05-02 14:44:33,830
2022-05-02 14:44:34,830
2022-05-02 14:44:35,829.9
2022-05-02 14:44:36,829.9
2022-05-02 14:44:37,829.9
2022-05-02 14:44:38,829.65
2022-05-02 14:44:40,830
2022-05-02 14:44:41,829.95
2022-05-02 14:44:42,829.95
2022-05-02 14:44:43,830
2022-05-02 14:44:44,830
2022-05-02 14:44:45,830
2022-05-02 14:44:46,830
2022-05-02 14:45:18,830
2022-05-02 14:45:19,829.95
2022-05-02 14:45:20,829.95
2022-05-02 14:45:22,830
2022-05-02 14:45:23,830
2022-05-02 14:45:24,829.95
2022-05-02 14:45:25,830
2022-05-02 14:45:26,830
2022-05-02 14:45:27,830
2022-05-02 14:45:28,830
2022-05-02 14:45:29,830
2022-05-02 14:45:30,830
2022-05-02 14:45:31,830
2022-05-02 14:45:32,830
2022-05-02 14:45:33,829.95
2022-05-02 14:45:34,830
2022-05-02 14:45:35,829.95
2022-05-02 14:45:36,830
2022-05-02 14:45:37,829.95
2022-05-02 14:45:38,829.95
2022-05-02 14:45:39,829.75
2022-05-02 14:45:40,829.95
2022-05-02 14:45:41,829.95
2022-05-02 14:45:42,829.95
2022-05-02 14:45:43,829.75
2022-05-02 14:45:44,829.75
2022-05-02 14:45:45,829.75
2022-05-02 14:45:46,829.75
2022-05-02 14:45:47,829.75
2022-05-02 14:46:18,829.85
2022-05-02 14:46:19,829.85
2022-05-02 14:46:20,829.85
2022-05-02 14:46:21,829.8
2022-05-02 14:46:22,829.8
2022-05-02 14:46:23,829.8
2022-05-02 14:46:24,829.65
2022-05-02 14:46:25,829.65
2022-05-02 14:46:26,829.65
2022-05-02 14:46:27,829.65
2022-05-02 14:46:28,830
2022-05-02 14:46:29,830
2022-05-02 14:46:30,830
2022-05-02 14:46:32,830
2022-05-02 14:46:33,830
2022-05-02 14:46:34,830
2022-05-02 14:46:35,829.95
2022-05-02 14:46:36,830
2022-05-02 14:46:37,830
2022-05-02 14:46:40,830
2022-05-02 14:46:41,830
2022-05-02 14:46:42,830
2022-05-02 14:46:43,830
2022-05-02 14:46:44,830
2022-05-02 14:46:45,830
2022-05-02 14:46:46,830
2022-05-02 14:47:18,829.5
2022-05-02 14:47:19,829.75
2022-05-02 14:47:20,829.75
2022-05-02 14:47:22,829.85
2022-05-02 14:47:23,829.85
2022-05-02 14:47:24,829.8
2022-05-02 14:47:25,829.8
2022-05-02 14:47:26,829.75
2022-05-02 14:47:27,829.45
2022-05-02 14:47:28,829.45
2022-05-02 14:47:29,829.45
2022-05-02 14:47:30,829.4
2022-05-02 14:47:31,829.4
2022-05-02 14:47:32,829.4
2022-05-02 14:47:33,829.4
2022-05-02 14:47:34,829.4
2022-05-02 14:47:35,829.4
2022-05-02 14:47:36,829.4
2022-05-02 14:47:37,829.4
2022-05-02 14:47:38,829.4
2022-05-02 14:47:39,829.4
2022-05-02 14:47:40,829.4
2022-05-02 14:47:41,829.4
2022-05-02 14:47:42,829.4
2022-05-02 14:47:43,829.4
2022-05-02 14:47:44,829.25
2022-05-02 14:47:46,829.25
2022-05-02 14:47:47,829.25
2022-05-02 14:48:18,829
2022-05-02 14:48:19,829
2022-05-02 14:48:20,829.6
2022-05-02 14:48:21,829.6
2022-05-02 14:48:22,829.6
2022-05-02 14:48:23,829.6
2022-05-02 14:48:24,829.6
2022-05-02 14:48:25,829.6
2022-05-02 14:48:27,829.6
2022-05-02 14:48:28,829.6
2022-05-02 14:48:29,829.5
2022-05-02 14:48:30,829.5
2022-05-02 14:48:31,829.4
2022-05-02 14:48:32,829.5
2022-05-02 14:48:33,829.5
2022-05-02 14:48:34,829.5
2022-05-02 14:48:35,829.5
2022-05-02 14:48:37,829.5
2022-05-02 14:48:39,829.5
2022-05-02 14:48:40,829.05
2022-05-02 14:48:41,829.45
2022-05-02 14:48:42,829.45
2022-05-02 14:48:43,829.45
2022-05-02 14:48:44,829.45
2022-05-02 14:48:45,829.45
2022-05-02 14:48:46,829.45
2022-05-02 14:48:47,829.45
2022-05-02 14:49:18,829.5
2022-05-02 14:49:20,829.15
2022-05-02 14:49:21,829.15
2022-05-02 14:49:22,829.55
2022-05-02 14:49:23,829.55
2022-05-02 14:49:24,829.55
2022-05-02 14:49:25,829.25
2022-05-02 14:49:26,829.5
2022-05-02 14:49:27,829.5
2022-05-02 14:49:28,829.2
2022-05-02 14:49:29,829.15
2022-05-02 14:49:31,829.1
2022-05-02 14:49:32,829.5
2022-05-02 14:49:33,829.1
2022-05-02 14:49:34,829.1
2022-05-02 14:49:35,829.1
2022-05-02 14:49:36,829.5
2022-05-02 14:49:37,829.5
2022-05-02 14:49:38,829.5
2022-05-02 14:49:40,829.5
2022-05-02 14:49:41,829.15
2022-05-02 14:49:42,829.5
2022-05-02 14:49:43,829.5
2022-05-02 14:49:44,829.5
2022-05-02 14:49:45,829.5
2022-05-02 14:49:46,829.5
2022-05-02 14:49:47,829.1
2022-05-02 14:50:21,829.35
2022-05-02 14:50:25,829.2
2022-05-02 14:50:28,829.4
2022-05-02 14:50:31,829.3
2022-05-02 14:50:34,829
2022-05-02 14:50:36,829.3
2022-05-02 14:50:39,829
2022-05-02 14:50:41,829.3
2022-05-02 14:50:44,829
2022-05-02 14:50:47,829.3
2022-05-02 14:51:18,829.15
2022-05-02 14:51:21,829.15
2022-05-02 14:51:24,829.35
2022-05-02 14:51:27,829.15
2022-05-02 14:51:31,829.4
2022-05-02 14:51:34,829.4
2022-05-02 14:51:37,829.4
2022-05-02 14:51:40,829.5
2022-05-02 14:51:43,829.4
2022-05-02 14:51:47,829.55
2022-05-02 14:52:18,829.05
2022-05-02 14:52:21,829.5
2022-05-02 14:52:24,829.1
2022-05-02 14:52:27,829.5
2022-05-02 14:52:30,829.45
2022-05-02 14:52:32,829.45
2022-05-02 14:52:35,829.45
2022-05-02 14:52:37,829.45
2022-05-02 14:52:40,829.5
2022-05-02 14:52:42,829.95
2022-05-02 14:52:45,829.95
2022-05-02 14:52:47,829.95
2022-05-02 14:52:50,829.2
2022-05-02 14:52:53,829.55
2022-05-02 14:52:57,829.4
2022-05-02 14:52:59,829.4
2022-05-02 14:53:02,829.4
2022-05-02 14:53:06,829.4
2022-05-02 14:53:09,829.35
2022-05-02 14:53:12,829.65
2022-05-02 14:53:15,829.7
2022-05-02 14:53:17,829.8
2022-05-02 14:53:21,829.8
2022-05-02 14:53:23,829.8
2022-05-02 14:53:26,829.7
2022-05-02 14:53:27,829.7
2022-05-02 14:53:29,829.4
2022-05-02 14:53:31,829.4
2022-05-02 14:53:33,829.85
2022-05-02 14:53:35,829.95
2022-05-02 14:53:37,829.95
2022-05-02 14:53:39,829.55
2022-05-02 14:53:41,829.8
2022-05-02 14:53:44,829.95
2022-05-02 14:53:46,829.95
2022-05-02 14:53:48,829.95
2022-05-02 14:53:50,829.95
2022-05-02 14:53:53,829.95
2022-05-02 14:53:56,829.95
2022-05-02 14:54:00,829.9
2022-05-02 14:54:03,829.9
2022-05-02 14:54:06,829.85
2022-05-02 14:54:09,829.9
2022-05-02 14:54:11,830
2022-05-02 14:54:14,830.25
2022-05-02 14:54:16,830.2
2022-05-02 14:54:51,830.7
2022-05-02 14:54:54,830.5
2022-05-02 14:54:57,830.5
2022-05-02 14:55:00,830.45
2022-05-02 14:55:03,830.3
2022-05-02 14:55:06,830.25
2022-05-02 14:55:08,830.25
2022-05-02 14:55:11,830.1
2022-05-02 14:55:13,830.25
2022-05-02 14:55:15,830.25
2022-05-02 14:55:50,830.8
2022-05-02 14:55:53,830.75
2022-05-02 14:55:55,830.75
2022-05-02 14:55:58,830.5
2022-05-02 14:56:00,830.95
2022-05-02 14:56:02,830.6
2022-05-02 14:56:04,830.6
2022-05-02 14:56:07,830.45
2022-05-02 14:56:10,830.55
2022-05-02 14:56:13,830.6
2022-05-02 14:56:15,830.6
2022-05-02 14:56:17,830.65
2022-05-02 14:56:20,830.65
2022-05-02 14:56:22,830.7
2022-05-02 14:56:25,830.55
2022-05-02 14:56:27,830.7
2022-05-02 14:56:29,830.7
2022-05-02 14:56:31,830.7
2022-05-02 14:56:34,830.65
2022-05-02 14:56:37,831
2022-05-02 14:56:40,830.85
2022-05-02 14:56:43,830.85
2022-05-02 14:56:46,831
2022-05-02 14:56:49,830.95
2022-05-02 14:56:52,830.95
2022-05-02 14:56:54,831
2022-05-02 14:56:56,831
2022-05-02 14:56:59,830.95
2022-05-02 14:57:01,831
2022-05-02 14:57:04,830.95
2022-05-02 14:57:07,831
2022-05-02 14:57:09,830.95
2022-05-02 14:57:11,831
2022-05-02 14:57:13,831
2022-05-02 14:57:17,830.95
2022-05-02 14:57:20,830.9
2022-05-02 14:57:23,831
2022-05-02 14:57:26,831.05
2022-05-02 14:57:28,831.05
2022-05-02 14:57:31,831.2
2022-05-02 14:57:34,831
2022-05-02 14:57:37,831.45
2022-05-02 14:57:40,831.2
2022-05-02 14:57:42,831.45
2022-05-02 14:57:45,831.25
2022-05-02 14:57:48,831.25
2022-05-02 14:57:50,831.15
2022-05-02 14:57:52,831.15
2022-05-02 14:57:55,831.5
2022-05-02 14:57:58,831.15
2022-05-02 14:58:00,831.3
2022-05-02 14:58:03,831.35
2022-05-02 14:58:06,831.6
2022-05-02 14:58:08,831.5
2022-05-02 14:58:11,831.6
2022-05-02 14:58:13,831.6
2022-05-02 14:58:15,831.6
2022-05-02 14:58:18,831.6
2022-05-02 14:58:21,831.6
2022-05-02 14:58:23,831.55
2022-05-02 14:58:25,831.85
2022-05-02 14:58:27,831.9
2022-05-02 14:58:29,831.95
2022-05-02 14:58:31,831.8
2022-05-02 14:58:33,832
2022-05-02 14:58:35,831.75
2022-05-02 14:58:36,831.95
2022-05-02 14:58:39,831.6
2022-05-02 14:58:41,831.65
2022-05-02 14:58:43,831.6
2022-05-02 14:58:45,831.6
2022-05-02 14:58:46,831.9
2022-05-02 14:58:48,831.55
2022-05-02 14:58:50,831.6
2022-05-02 14:58:52,831.55
2022-05-02 14:58:55,831.55
2022-05-02 14:58:58,831.65
2022-05-02 14:59:00,831.6
2022-05-02 14:59:03,831.4
2022-05-02 14:59:05,831.6
2022-05-02 14:59:09,831.6
2022-05-02 14:59:13,831.55
2022-05-02 14:59:15,831.35
2022-05-02 14:59:18,831.5
2022-05-02 14:59:22,831.95
2022-05-02 14:59:25,831.95
2022-05-02 14:59:28,831.9
2022-05-02 14:59:32,832.05
2022-05-02 14:59:35,831.9
2022-05-02 14:59:37,831.65
2022-05-02 14:59:40,831.7
2022-05-02 14:59:43,831.65
2022-05-02 14:59:46,831.6
2022-05-02 14:59:48,831.45
2022-05-02 14:59:50,831.45
2022-05-02 14:59:52,831.8
2022-05-02 14:59:55,832.5
2022-05-02 14:59:57,832.55
2022-05-02 14:59:59,832.2
2022-05-02 15:00:01,832.2
2022-05-02 15:00:03,832.2
2022-05-02 15:00:06,832
2022-05-02 15:00:09,832.15
2022-05-02 15:00:10,832.2
2022-05-02 15:00:11,831.9
2022-05-02 15:00:12,831.8
2022-05-02 15:00:13,831.5
2022-05-02 15:00:15,831.55
2022-05-02 15:00:16,831.6
2022-05-02 15:00:17,831.55
2022-05-02 15:00:49,831.3
2022-05-02 15:00:50,831.2
2022-05-02 15:00:51,831.1
2022-05-02 15:00:52,831.05
2022-05-02 15:00:53,831.05
2022-05-02 15:00:54,830.8
2022-05-02 15:00:55,830.3
2022-05-02 15:00:56,830.7
2022-05-02 15:00:57,830.3
2022-05-02 15:00:58,830.3
2022-05-02 15:01:00,830.25
2022-05-02 15:01:01,830.4
2022-05-02 15:01:02,830.25
2022-05-02 15:01:03,830.25
2022-05-02 15:01:04,830.25
2022-05-02 15:01:05,830.25
2022-05-02 15:01:06,830.3
2022-05-02 15:01:07,830.3
2022-05-02 15:01:08,830.25
2022-05-02 15:01:09,830.7
2022-05-02 15:01:10,830.5
2022-05-02 15:01:11,830.5
2022-05-02 15:01:12,830.45
2022-05-02 15:01:13,830.45
2022-05-02 15:01:14,830.45
2022-05-02 15:01:15,830.5
2022-05-02 15:01:17,830.45
2022-05-02 15:01:19,830.4
2022-05-02 15:01:20,830.4
2022-05-02 15:01:21,830.25
2022-05-02 15:01:22,830.75
2022-05-02 15:01:23,830.25
2022-05-02 15:01:24,830.35
2022-05-02 15:01:25,830.35
2022-05-02 15:01:26,830.35
2022-05-02 15:01:27,830.2
2022-05-02 15:01:28,830.4
2022-05-02 15:01:29,830.55
2022-05-02 15:01:30,830.4
2022-05-02 15:01:31,830.25
2022-05-02 15:01:32,830.4
2022-05-02 15:01:33,830.4
2022-05-02 15:01:34,830.25
2022-05-02 15:01:36,830.25
2022-05-02 15:01:37,830.1
2022-05-02 15:01:38,830.1
2022-05-02 15:01:39,830.05
2022-05-02 15:01:40,830.1
2022-05-02 15:01:41,830.25
2022-05-02 15:01:42,830.1
2022-05-02 15:01:43,830.4
2022-05-02 15:01:44,830.4
2022-05-02 15:01:45,830.4
2022-05-02 15:01:46,830.2
2022-05-02 15:01:47,830.2
2022-05-02 15:01:48,830.2
2022-05-02 15:01:49,830.25
2022-05-02 15:01:50,830.25
2022-05-02 15:01:51,830.25
2022-05-02 15:01:52,830.25
2022-05-02 15:01:53,830.25
2022-05-02 15:01:54,830.25
2022-05-02 15:01:55,830.25
2022-05-02 15:01:56,830.35
2022-05-02 15:01:57,830.2
2022-05-02 15:01:59,830.2
2022-05-02 15:02:00,830.2
2022-05-02 15:02:01,830.25
2022-05-02 15:02:02,830.2
2022-05-02 15:02:03,830.2
2022-05-02 15:02:04,830.25
2022-05-02 15:02:05,830.25
2022-05-02 15:02:06,830.25
2022-05-02 15:02:07,830.2
2022-05-02 15:02:08,830.2
2022-05-02 15:02:09,830.2
2022-05-02 15:02:10,830.2
2022-05-02 15:02:11,830.25
2022-05-02 15:02:12,830.2
2022-05-02 15:02:13,830.25
2022-05-02 15:02:14,830.25
2022-05-02 15:02:15,830.25
2022-05-02 15:02:16,830.25
2022-05-02 15:02:17,830.25
2022-05-02 15:02:18,830.65
2022-05-02 15:02:19,830.2
2022-05-02 15:02:20,830.35
2022-05-02 15:02:22,830.4
2022-05-02 15:02:23,830.4
2022-05-02 15:02:24,830.45
2022-05-02 15:02:25,830.4
2022-05-02 15:02:26,830.45
2022-05-02 15:02:27,830.45
2022-05-02 15:02:28,830.5
2022-05-02 15:02:29,830.4
2022-05-02 15:02:30,830.4
2022-05-02 15:02:31,830.5
2022-05-02 15:02:33,830.5
2022-05-02 15:02:34,830.5
2022-05-02 15:02:35,830.5
2022-05-02 15:02:36,830.4
2022-05-02 15:02:37,830.65
2022-05-02 15:02:38,830.55
2022-05-02 15:02:39,830.55
2022-05-02 15:02:40,830.55
2022-05-02 15:02:41,830.65
2022-05-02 15:02:43,830.55
2022-05-02 15:02:44,830.65
2022-05-02 15:02:45,830.65
2022-05-02 15:02:46,830.65
2022-05-02 15:02:47,830.55
2022-05-02 15:02:48,830.55
2022-05-02 15:02:49,830.9
2022-05-02 15:02:50,830.9
2022-05-02 15:02:51,830.65
2022-05-02 15:02:53,830.65
2022-05-02 15:02:54,830.65
2022-05-02 15:02:55,830.55
2022-05-02 15:02:56,830.65
2022-05-02 15:02:58,830.55
2022-05-02 15:02:59,830.55
2022-05-02 15:03:00,830.55
2022-05-02 15:03:01,830.6
2022-05-02 15:03:02,830.6
2022-05-02 15:03:03,830.55
2022-05-02 15:03:04,830.55
2022-05-02 15:03:05,830.55
2022-05-02 15:03:06,830.6
2022-05-02 15:03:07,830.55
2022-05-02 15:03:08,830.55
2022-05-02 15:03:09,830.6
2022-05-02 15:03:10,830.6
2022-05-02 15:03:11,830.6
2022-05-02 15:03:12,830.55
2022-05-02 15:03:13,830.55
2022-05-02 15:03:14,830.55
2022-05-02 15:03:15,830.55
2022-05-02 15:03:17,830.55
2022-05-02 15:03:48,830.8
2022-05-02 15:03:49,830.8
2022-05-02 15:03:50,830.85
2022-05-02 15:03:51,830.85
2022-05-02 15:03:52,830.85
2022-05-02 15:03:53,830.65
2022-05-02 15:03:54,830.75
2022-05-02 15:03:55,830.5
2022-05-02 15:03:56,830.5
2022-05-02 15:03:57,830.35
2022-05-02 15:03:58,830.35
2022-05-02 15:03:59,830.35
2022-05-02 15:04:00,830.35
2022-05-02 15:04:02,830.6
2022-05-02 15:04:03,830.6
2022-05-02 15:04:04,830.6
2022-05-02 15:04:05,830.6
2022-05-02 15:04:06,830.5
2022-05-02 15:04:07,830.5
2022-05-02 15:04:08,830.5
2022-05-02 15:04:09,830.5
2022-05-02 15:04:10,830.5
2022-05-02 15:04:11,830.6
2022-05-02 15:04:12,830.6
2022-05-02 15:04:13,830.5
2022-05-02 15:04:14,830.5
2022-05-02 15:04:15,830.5
2022-05-02 15:04:16,830.6
2022-05-02 15:04:17,830.6
2022-05-02 15:04:49,831
2022-05-02 15:04:50,831
2022-05-02 15:04:51,831
2022-05-02 15:04:52,831
2022-05-02 15:04:53,831
2022-05-02 15:04:54,831
2022-05-02 15:04:55,831
2022-05-02 15:04:56,831.15
2022-05-02 15:04:57,831
2022-05-02 15:04:58,831.15
2022-05-02 15:04:59,831
2022-05-02 15:05:00,831.15
2022-05-02 15:05:01,831.15
2022-05-02 15:05:02,831
2022-05-02 15:05:03,831
2022-05-02 15:05:05,831
2022-05-02 15:05:06,831.15
2022-05-02 15:05:07,831
2022-05-02 15:05:08,831
2022-05-02 15:05:09,831.15
2022-05-02 15:05:10,831
2022-05-02 15:05:11,831.15
2022-05-02 15:05:12,831
2022-05-02 15:05:13,831
2022-05-02 15:05:14,831
2022-05-02 15:05:15,831
2022-05-02 15:05:16,831
2022-05-02 15:05:17,830.8
2022-05-02 15:05:48,830.75
2022-05-02 15:05:49,830.8
2022-05-02 15:05:50,830.8
2022-05-02 15:05:51,830.8
2022-05-02 15:05:52,830.75
2022-05-02 15:05:53,830.75
2022-05-02 15:05:54,830.75
2022-05-02 15:05:55,830.75
2022-05-02 15:05:56,830.8
2022-05-02 15:05:57,830.75
2022-05-02 15:05:58,830.75
2022-05-02 15:05:59,830.75
2022-05-02 15:06:00,830.75
2022-05-02 15:06:01,830.8
2022-05-02 15:06:02,830.8
2022-05-02 15:06:03,830.8
2022-05-02 15:06:04,830.75
2022-05-02 15:06:05,830.75
2022-05-02 15:06:06,830.75
2022-05-02 15:06:07,830.55
2022-05-02 15:06:08,830.75
2022-05-02 15:06:09,830.75
2022-05-02 15:06:10,830.75
2022-05-02 15:06:11,830.55
2022-05-02 15:06:12,830.65
2022-05-02 15:06:13,830.65
2022-05-02 15:06:15,830.65
2022-05-02 15:06:16,830.65
2022-05-02 15:06:17,830.55
2022-05-02 15:06:48,830.95
2022-05-02 15:06:49,831
2022-05-02 15:06:50,830.95
2022-05-02 15:06:51,830.95
2022-05-02 15:06:52,830.95
2022-05-02 15:06:53,830.9
2022-05-02 15:06:54,830.9
2022-05-02 15:06:55,830.9
2022-05-02 15:06:56,830.7
2022-05-02 15:06:58,830.7
2022-05-02 15:06:59,830.7
2022-05-02 15:07:00,830.65
2022-05-02 15:07:01,830.65
2022-05-02 15:07:02,830.6
2022-05-02 15:07:03,830.6
2022-05-02 15:07:04,830.6
2022-05-02 15:07:05,830.6
2022-05-02 15:07:06,830.6
2022-05-02 15:07:07,830.65
2022-05-02 15:07:08,830.75
2022-05-02 15:07:09,830.65
2022-05-02 15:07:10,830.75
2022-05-02 15:07:11,830.75
2022-05-02 15:07:12,830.6
2022-05-02 15:07:13,830.6
2022-05-02 15:07:14,830.6
2022-05-02 15:07:15,830.6
2022-05-02 15:07:16,830.75
2022-05-02 15:07:17,830.75
2022-05-02 15:07:18,830.6
2022-05-02 15:07:19,830.6
2022-05-02 15:07:20,830.75
2022-05-02 15:07:21,830.75
2022-05-02 15:07:23,830.7
2022-05-02 15:07:25,830.7
2022-05-02 15:07:26,830.8
2022-05-02 15:07:27,830.7
2022-05-02 15:07:28,830.7
2022-05-02 15:07:29,830.7
2022-05-02 15:07:30,830.8
2022-05-02 15:07:31,830.8
2022-05-02 15:07:32,830.8
2022-05-02 15:07:34,830.7
2022-05-02 15:07:35,830.7
2022-05-02 15:07:36,830.8
2022-05-02 15:07:37,830.8
2022-05-02 15:07:38,830.8
2022-05-02 15:07:39,830.7
2022-05-02 15:07:40,830.8
2022-05-02 15:07:41,830.8
2022-05-02 15:07:42,830.7
2022-05-02 15:07:43,830.7
2022-05-02 15:07:44,830.7
2022-05-02 15:07:45,830.7
2022-05-02 15:07:46,830.8
2022-05-02 15:07:47,830.7
2022-05-02 15:08:18,830.7
2022-05-02 15:08:19,830.7
2022-05-02 15:08:20,830.75
2022-05-02 15:08:21,830.75
2022-05-02 15:08:22,830.7
2022-05-02 15:08:23,830.75
2022-05-02 15:08:24,830.7
2022-05-02 15:08:25,830.7
2022-05-02 15:08:26,830.75
2022-05-02 15:08:27,830.7
2022-05-02 15:08:28,830.75
2022-05-02 15:08:29,830.7
2022-05-02 15:08:30,830.7
2022-05-02 15:08:31,830.7
2022-05-02 15:08:32,830.7
2022-05-02 15:08:33,830.7
2022-05-02 15:08:34,830.7
2022-05-02 15:08:35,831
2022-05-02 15:08:36,830.75
2022-05-02 15:08:37,830.7
2022-05-02 15:08:38,830.7
2022-05-02 15:08:39,830.7
2022-05-02 15:08:41,830.75
2022-05-02 15:08:42,831
2022-05-02 15:08:43,831
2022-05-02 15:08:44,831
2022-05-02 15:08:45,830.75
2022-05-02 15:08:46,830.7
2022-05-02 15:08:47,830.7
2022-05-02 15:09:18,830.7
2022-05-02 15:09:19,830.8
2022-05-02 15:09:20,830.7
2022-05-02 15:09:21,830.8
2022-05-02 15:09:22,830.7
2022-05-02 15:09:23,830.7
2022-05-02 15:09:24,830.7
2022-05-02 15:09:25,830.8
2022-05-02 15:09:26,830.8
2022-05-02 15:09:27,830.75
2022-05-02 15:09:28,830.75
2022-05-02 15:09:29,830.75
2022-05-02 15:09:30,830.75
2022-05-02 15:09:31,830.8
2022-05-02 15:09:32,830.8
2022-05-02 15:09:33,830.75
2022-05-02 15:09:34,830.8
2022-05-02 15:09:35,830.8
2022-05-02 15:09:36,830.8
2022-05-02 15:09:37,830.75
2022-05-02 15:09:38,830.75
2022-05-02 15:09:39,830.75
2022-05-02 15:09:40,830.8
2022-05-02 15:09:41,830.8
2022-05-02 15:09:42,830.75
2022-05-02 15:09:43,830.75
2022-05-02 15:09:44,830.75
2022-05-02 15:09:45,830.8
2022-05-02 15:09:46,830.8
2022-05-02 15:09:47,830.8
2022-05-02 15:09:48,830.8
2022-05-02 15:09:49,830.7
2022-05-02 15:09:50,830.7
2022-05-02 15:09:51,830.7
2022-05-02 15:09:52,830.7
2022-05-02 15:09:53,830.65
2022-05-02 15:09:54,830.7
2022-05-02 15:09:55,830.65
2022-05-02 15:09:56,830.7
2022-05-02 15:09:57,830.65
2022-05-02 15:09:58,830.65
2022-05-02 15:09:59,830.65
2022-05-02 15:10:00,830.65
2022-05-02 15:10:01,830.7
2022-05-02 15:10:02,830.7
2022-05-02 15:10:03,830.7
2022-05-02 15:10:04,830.7
2022-05-02 15:10:05,830.65
2022-05-02 15:10:06,830.7
2022-05-02 15:10:07,830.65
2022-05-02 15:10:08,830.65
2022-05-02 15:10:09,830.65
2022-05-02 15:10:10,830.65
2022-05-02 15:10:11,830.7
2022-05-02 15:10:12,830.7
2022-05-02 15:10:13,830.7
2022-05-02 15:10:14,830.65
2022-05-02 15:10:15,830.65
2022-05-02 15:10:16,830.7
2022-05-02 15:10:17,830.7
2022-05-02 15:10:18,830.7
2022-05-02 15:10:19,830.7
2022-05-02 15:10:20,830.7
2022-05-02 15:10:21,830.7
2022-05-02 15:10:22,830.65
2022-05-02 15:10:23,830.65
2022-05-02 15:10:24,830.7
2022-05-02 15:10:25,830.9
2022-05-02 15:10:26,830.7
2022-05-02 15:10:27,830.65
2022-05-02 15:10:28,830.7
2022-05-02 15:10:29,830.7
2022-05-02 15:10:30,830.65
2022-05-02 15:10:31,830.7
2022-05-02 15:10:32,830.65
2022-05-02 15:10:33,830.65
2022-05-02 15:10:34,830.65
2022-05-02 15:10:35,830.65
2022-05-02 15:10:36,830.65
2022-05-02 15:10:37,830.7
2022-05-02 15:10:38,830.65
2022-05-02 15:10:39,830.65
2022-05-02 15:10:40,830.7
2022-05-02 15:10:41,830.7
2022-05-02 15:10:42,830.65
2022-05-02 15:10:43,830.65
2022-05-02 15:10:44,830.7
2022-05-02 15:10:45,830.65
2022-05-02 15:10:46,830.7
2022-05-02 15:10:47,830.65
2022-05-02 15:10:48,830.65
2022-05-02 15:10:49,830.65
2022-05-02 15:10:50,830.65
2022-05-02 15:10:51,830.65
2022-05-02 15:10:52,830.7
2022-05-02 15:10:53,830.65
2022-05-02 15:10:54,830.65
2022-05-02 15:10:55,830.65
2022-05-02 15:10:56,830.7
2022-05-02 15:10:57,830.7
2022-05-02 15:10:58,830.6
2022-05-02 15:10:59,830.6
2022-05-02 15:11:00,830.35
2022-05-02 15:11:01,830.35
2022-05-02 15:11:02,830.2
2022-05-02 15:11:03,830.2
2022-05-02 15:11:04,830.2
2022-05-02 15:11:05,830.5
2022-05-02 15:11:06,830.3
2022-05-02 15:11:07,830.2
2022-05-02 15:11:08,830.2
2022-05-02 15:11:09,830.3
2022-05-02 15:11:10,830.2
2022-05-02 15:11:11,830.2
2022-05-02 15:11:12,830.25
2022-05-02 15:11:13,830.2
2022-05-02 15:11:14,830.2
2022-05-02 15:11:15,830.2
2022-05-02 15:11:16,830.25
2022-05-02 15:11:17,830.25
2022-05-02 15:11:18,830.2
2022-05-02 15:11:19,830.25
2022-05-02 15:11:20,830.5
2022-05-02 15:11:21,830.35
2022-05-02 15:11:22,830.2
2022-05-02 15:11:23,830.2
2022-05-02 15:11:24,830.65
2022-05-02 15:11:25,830.45
2022-05-02 15:11:26,830.45
2022-05-02 15:11:27,830.45
2022-05-02 15:11:28,830.5
2022-05-02 15:11:29,830.3
2022-05-02 15:11:30,830.3
2022-05-02 15:11:31,830.4
2022-05-02 15:11:32,830.4
2022-05-02 15:11:33,830.3
2022-05-02 15:11:34,830.45
2022-05-02 15:11:35,830.3
2022-05-02 15:11:36,830.2
2022-05-02 15:11:37,830.1
2022-05-02 15:11:38,830.3
2022-05-02 15:11:39,830.3
2022-05-02 15:11:40,830.15
2022-05-02 15:11:41,830.15
2022-05-02 15:11:42,830.25
2022-05-02 15:11:43,830.2
2022-05-02 15:11:44,830.2
2022-05-02 15:11:45,830.2
2022-05-02 15:11:46,830.2
2022-05-02 15:11:47,830.2
2022-05-02 15:11:48,830.05
2022-05-02 15:11:49,830.05
2022-05-02 15:11:50,830.05
2022-05-02 15:11:51,830.05
2022-05-02 15:11:52,830.05
2022-05-02 15:11:53,830.05
2022-05-02 15:11:54,830.05
2022-05-02 15:11:55,830.05
2022-05-02 15:11:56,830.05
2022-05-02 15:11:57,830
2022-05-02 15:11:58,830
2022-05-02 15:11:59,830
2022-05-02 15:12:00,830
2022-05-02 15:12:01,830.05
2022-05-02 15:12:02,830.1
2022-05-02 15:12:03,830.1
2022-05-02 15:12:04,830.1
2022-05-02 15:12:05,830.1
2022-05-02 15:12:06,830.1
2022-05-02 15:12:07,830
2022-05-02 15:12:08,830
2022-05-02 15:12:09,830
2022-05-02 15:12:10,830
2022-05-02 15:12:11,830.1
2022-05-02 15:12:12,830.1
2022-05-02 15:12:13,830.1
2022-05-02 15:12:14,830.05
2022-05-02 15:12:15,830
2022-05-02 15:12:16,830.1
2022-05-02 15:12:17,830.1
2022-05-02 15:12:48,830
2022-05-02 15:12:49,830
2022-05-02 15:12:50,830
2022-05-02 15:12:51,830
2022-05-02 15:12:52,830
2022-05-02 15:12:53,830
2022-05-02 15:12:54,830
2022-05-02 15:12:55,830
2022-05-02 15:12:56,830
2022-05-02 15:12:57,830
2022-05-02 15:12:58,830
2022-05-02 15:12:59,829.65
2022-05-02 15:13:00,829.65
2022-05-02 15:13:01,830
2022-05-02 15:13:02,830
2022-05-02 15:13:03,830
2022-05-02 15:13:04,830
2022-05-02 15:13:05,829.65
2022-05-02 15:13:06,829.75
2022-05-02 15:13:07,829.75
2022-05-02 15:13:08,829.65
2022-05-02 15:13:09,829.65
2022-05-02 15:13:10,829.65
2022-05-02 15:13:11,829.65
2022-05-02 15:13:12,829.65
2022-05-02 15:13:13,829.65
2022-05-02 15:13:14,829.6
2022-05-02 15:13:15,829.65
2022-05-02 15:13:16,830
2022-05-02 15:13:17,830
2022-05-02 15:13:48,829.75
2022-05-02 15:13:49,829.75
2022-05-02 15:13:50,829.75
2022-05-02 15:13:51,829.75
2022-05-02 15:13:52,829.75
2022-05-02 15:13:53,829.9
2022-05-02 15:13:54,829.65
2022-05-02 15:13:55,829.65
2022-05-02 15:13:56,829.75
2022-05-02 15:13:57,829.9
2022-05-02 15:13:58,829.9
2022-05-02 15:13:59,830
2022-05-02 15:14:00,830.1
2022-05-02 15:14:01,830.1
2022-05-02 15:14:02,830
2022-05-02 15:14:03,830
2022-05-02 15:14:04,830
2022-05-02 15:14:05,830
2022-05-02 15:14:06,830.1
2022-05-02 15:14:07,830.5
2022-05-02 15:14:08,830.5
2022-05-02 15:14:09,830.5
2022-05-02 15:14:10,830.5
2022-05-02 15:14:11,830
2022-05-02 15:14:12,830
2022-05-02 15:14:13,830
2022-05-02 15:14:14,830
2022-05-02 15:14:15,830
2022-05-02 15:14:16,830.05
2022-05-02 15:14:17,830
2022-05-02 15:14:48,830
2022-05-02 15:14:49,830
2022-05-02 15:14:50,830
2022-05-02 15:14:51,830
2022-05-02 15:14:52,829.95
2022-05-02 15:14:53,829.95
2022-05-02 15:14:54,829.95
2022-05-02 15:14:55,829.95
2022-05-02 15:14:56,829.95
2022-05-02 15:14:57,829.95
2022-05-02 15:14:58,829.95
2022-05-02 15:14:59,829.95
2022-05-02 15:15:00,829.9
2022-05-02 15:15:01,829.9
2022-05-02 15:15:02,829.9
2022-05-02 15:15:03,829.8
2022-05-02 15:15:04,829.8
2022-05-02 15:15:05,829.8
2022-05-02 15:15:06,829.9
2022-05-02 15:15:07,829.9
2022-05-02 15:15:08,830
2022-05-02 15:15:09,830
2022-05-02 15:15:10,829.9
2022-05-02 15:15:11,830
2022-05-02 15:15:12,830
2022-05-02 15:15:13,830
2022-05-02 15:15:14,830
2022-05-02 15:15:15,830
2022-05-02 15:15:16,830
2022-05-02 15:15:17,830
2022-05-02 15:15:18,830
2022-05-02 15:15:49,829.65
2022-05-02 15:15:50,829.65
2022-05-02 15:15:51,829.7
2022-05-02 15:15:52,829.65
2022-05-02 15:15:53,829.65
2022-05-02 15:15:54,829.7
2022-05-02 15:15:55,829.7
2022-05-02 15:15:56,830
2022-05-02 15:15:57,830
2022-05-02 15:15:58,829.75
2022-05-02 15:15:59,829.75
2022-05-02 15:16:00,829.75
2022-05-02 15:16:01,830
2022-05-02 15:16:02,830
2022-05-02 15:16:03,830
2022-05-02 15:16:04,829.75
2022-05-02 15:16:05,829.75
2022-05-02 15:16:06,829.95
2022-05-02 15:16:07,829.95
2022-05-02 15:16:08,830
2022-05-02 15:16:09,830
2022-05-02 15:16:10,830
2022-05-02 15:16:11,830
2022-05-02 15:16:12,830
2022-05-02 15:16:13,829.75
2022-05-02 15:16:14,829.75
2022-05-02 15:16:15,829.75
2022-05-02 15:16:16,830
2022-05-02 15:16:17,830
2022-05-02 15:16:49,830
2022-05-02 15:16:50,830
2022-05-02 15:16:51,830
2022-05-02 15:16:52,830
2022-05-02 15:16:54,830
2022-05-02 15:16:55,830
2022-05-02 15:16:57,830
2022-05-02 15:16:58,830
2022-05-02 15:16:59,830
2022-05-02 15:17:00,830
2022-05-02 15:17:01,830
2022-05-02 15:17:02,830
2022-05-02 15:17:03,830
2022-05-02 15:17:04,830
2022-05-02 15:17:06,830
2022-05-02 15:17:07,830
2022-05-02 15:17:08,830
2022-05-02 15:17:09,830
2022-05-02 15:17:11,830
2022-05-02 15:17:12,830
2022-05-02 15:17:14,830
2022-05-02 15:17:15,830
2022-05-02 15:17:16,830
2022-05-02 15:17:17,830
2022-05-02 15:17:48,829.9
2022-05-02 15:17:51,829.9
2022-05-02 15:17:52,829.9
2022-05-02 15:17:54,829.9
2022-05-02 15:17:55,829.9
2022-05-02 15:17:56,829.9
2022-05-02 15:17:58,829.9
2022-05-02 15:17:59,829.9
2022-05-02 15:18:00,829.9
2022-05-02 15:18:01,829.9
2022-05-02 15:18:02,829.9
2022-05-02 15:18:03,829.9
2022-05-02 15:18:04,829.75
2022-05-02 15:18:05,829.9
2022-05-02 15:18:06,829.9
2022-05-02 15:18:07,829.9
2022-05-02 15:18:09,829.9
2022-05-02 15:18:10,829.9
2022-05-02 15:18:11,829.9
2022-05-02 15:18:13,829.9
2022-05-02 15:18:14,829.9
2022-05-02 15:18:15,830
2022-05-02 15:18:16,829.9
2022-05-02 15:18:17,829.9
2022-05-02 15:18:48,829.75
2022-05-02 15:18:50,829.8
2022-05-02 15:18:51,829.8
2022-05-02 15:18:53,829.7
2022-05-02 15:18:55,829.7
2022-05-02 15:18:56,829.7
2022-05-02 15:18:57,829.7
2022-05-02 15:18:58,829.7
2022-05-02 15:18:59,829.7
2022-05-02 15:19:00,830
2022-05-02 15:19:01,830
2022-05-02 15:19:02,829.7
2022-05-02 15:19:03,829.7
2022-05-02 15:19:04,829.7
2022-05-02 15:19:06,830
2022-05-02 15:19:07,830
2022-05-02 15:19:08,830
2022-05-02 15:19:09,830
2022-05-02 15:19:10,830
2022-05-02 15:19:11,829.95
2022-05-02 15:19:12,829.95
2022-05-02 15:19:14,830
2022-05-02 15:19:15,830
2022-05-02 15:19:17,829.95
2022-05-02 15:19:18,829.95
2022-05-02 15:19:49,830
2022-05-02 15:19:50,830
2022-05-02 15:19:51,830
2022-05-02 15:19:52,830
2022-05-02 15:19:53,830
2022-05-02 15:19:54,829.95
2022-05-02 15:19:55,829.95
2022-05-02 15:19:56,830
2022-05-02 15:19:57,830
2022-05-02 15:19:58,830
2022-05-02 15:20:00,830
2022-05-02 15:20:02,830
2022-05-02 15:20:03,830
2022-05-02 15:20:04,830
2022-05-02 15:20:05,830
2022-05-02 15:20:06,830
2022-05-02 15:20:07,830
2022-05-02 15:20:08,830
2022-05-02 15:20:10,830
2022-05-02 15:20:12,830
2022-05-02 15:20:14,830
2022-05-02 15:20:16,830
2022-05-02 15:20:18,830
2022-05-02 15:20:49,830
2022-05-02 15:20:52,830
2022-05-02 15:20:54,830
2022-05-02 15:20:56,830
2022-05-02 15:20:59,829.9
2022-05-02 15:21:01,829.8
2022-05-02 15:21:03,829.95
2022-05-02 15:21:06,829.95
2022-05-02 15:21:08,829.95
2022-05-02 15:21:11,829.95
2022-05-02 15:21:13,829.8
2022-05-02 15:21:17,829.95
2022-05-02 15:21:48,829.95
2022-05-02 15:21:51,830
2022-05-02 15:21:53,830
2022-05-02 15:21:55,830
2022-05-02 15:21:57,830.2
2022-05-02 15:21:58,830.35
2022-05-02 15:22:00,830.2
2022-05-02 15:22:01,830.35
2022-05-02 15:22:02,830.2
2022-05-02 15:22:04,830.2
2022-05-02 15:22:05,830.2
2022-05-02 15:22:07,830.15
2022-05-02 15:22:08,830.05
2022-05-02 15:22:10,830
2022-05-02 15:22:12,830
2022-05-02 15:22:15,830
2022-05-02 15:22:17,830
2022-05-02 15:22:48,830
2022-05-02 15:22:50,830
2022-05-02 15:22:54,830
2022-05-02 15:22:56,830
2022-05-02 15:22:59,829.95
2022-05-02 15:23:01,830
2022-05-02 15:23:03,829.95
2022-05-02 15:23:04,829.95
2022-05-02 15:23:06,830
2022-05-02 15:23:08,830
2022-05-02 15:23:10,830
2022-05-02 15:23:12,830
2022-05-02 15:23:13,830
2022-05-02 15:23:15,830
2022-05-02 15:23:17,830
2022-05-02 15:23:49,829.75
2022-05-02 15:23:51,829.75
2022-05-02 15:23:53,829.75
2022-05-02 15:23:56,829.65
2022-05-02 15:23:58,829.75
2022-05-02 15:24:00,829.75
2022-05-02 15:24:02,829.75
2022-05-02 15:24:04,829.75
2022-05-02 15:24:06,829.75
2022-05-02 15:24:07,829.75
2022-05-02 15:24:09,829.75
2022-05-02 15:24:11,829.75
2022-05-02 15:24:13,829.75
2022-05-02 15:24:14,829.7
2022-05-02 15:24:16,829.7
2022-05-02 15:24:49,830
2022-05-02 15:24:51,830
2022-05-02 15:24:53,830
2022-05-02 15:24:55,829.8
2022-05-02 15:24:57,830
2022-05-02 15:24:59,830
2022-05-02 15:25:01,830
2022-05-02 15:25:04,830
2022-05-02 15:25:07,830
2022-05-02 15:25:10,830
2022-05-02 15:25:13,830
2022-05-02 15:25:15,829.95
2022-05-02 15:25:18,830
2022-05-02 15:25:49,830
2022-05-02 15:25:50,830
2022-05-02 15:25:52,830
2022-05-02 15:25:54,829.95
2022-05-02 15:25:56,830
2022-05-02 15:25:58,830
2022-05-02 15:26:00,830
2022-05-02 15:26:02,830
2022-05-02 15:26:04,830
2022-05-02 15:26:06,830
2022-05-02 15:26:08,830
2022-05-02 15:26:10,830
2022-05-02 15:26:12,829.95
2022-05-02 15:26:13,829.75
2022-05-02 15:26:15,829.8
2022-05-02 15:26:17,829.7
2022-05-02 15:26:49,830
2022-05-02 15:26:51,830
2022-05-02 15:26:53,830
2022-05-02 15:26:55,829.95
2022-05-02 15:26:57,829.95
2022-05-02 15:26:59,829.95
2022-05-02 15:27:00,829.95
2022-05-02 15:27:02,829.9
2022-05-02 15:27:03,829.7
2022-05-02 15:27:05,829.65
2022-05-02 15:27:06,829.9
2022-05-02 15:27:08,829.9
2022-05-02 15:27:10,829.9
2022-05-02 15:27:12,829.85
2022-05-02 15:27:16,829.85
2022-05-02 15:27:50,829.7
2022-05-02 15:27:53,829.7
2022-05-02 15:27:55,829.7
2022-05-02 15:27:58,829.7
2022-05-02 15:28:01,829.65
2022-05-02 15:28:04,829.7
2022-05-02 15:28:07,829.7
2022-05-02 15:28:10,829.75
2022-05-02 15:28:13,829.75
2022-05-02 15:28:17,829.75
2022-05-02 15:28:48,829.7
2022-05-02 15:28:51,829.75
2022-05-02 15:28:55,829.75
2022-05-02 15:28:58,829.7
2022-05-02 15:29:03,829.75
2022-05-02 15:29:07,829.8
2022-05-02 15:29:11,829.8
2022-05-02 15:29:14,829.75
2022-05-02 15:29:51,829.55
2022-05-02 15:29:55,829.45
2022-05-02 15:29:58,829.6
2022-05-02 15:30:02,830
2022-05-02 15:30:07,829.65
2022-05-02 15:30:11,829.15
2022-05-02 15:30:14,829.25
2022-05-02 15:30:50,830
2022-05-02 15:30:53,830
2022-05-02 15:30:56,829.85
2022-05-02 15:31:00,829.15
2022-05-02 15:31:03,829.6
2022-05-02 15:31:06,829.25
2022-05-02 15:31:08,829.3
2022-05-02 15:31:11,829.3
2022-05-02 15:31:14,829.85
2022-05-02 15:31:17,829.85
2022-05-02 15:31:50,829.5
2022-05-02 15:31:54,829.5
2022-05-02 15:31:57,829.5
2022-05-02 15:32:01,829.35
2022-05-02 15:32:04,829.3
2022-05-02 15:32:06,829.3
2022-05-02 15:32:09,829.3
2022-05-02 15:32:12,829.2
2022-05-02 15:32:16,829.15
2022-05-02 15:32:51,830
2022-05-02 15:32:54,829.95
2022-05-02 15:32:57,830
2022-05-02 15:33:00,829.5
2022-05-02 15:33:03,829.5
2022-05-02 15:33:05,829.5
2022-05-02 15:33:08,829.5
2022-05-02 15:33:10,829.5
2022-05-02 15:33:12,829.5
2022-05-02 15:33:14,829.5
2022-05-02 15:33:16,829.45
2022-05-02 15:33:50,830.9
2022-05-02 15:33:54,831.2
2022-05-02 15:33:58,830.95
2022-05-02 15:34:01,830.85
2022-05-02 15:34:04,831.1
2022-05-02 15:34:07,831.15
2022-05-02 15:34:10,831.15
2022-05-02 15:34:14,831.45
2022-05-02 15:34:17,831.15
2022-05-02 15:34:49,830.5
2022-05-02 15:34:52,830.5
2022-05-02 15:34:54,830.45
2022-05-02 15:34:57,830.3
2022-05-02 15:35:00,830.45
2022-05-02 15:35:02,830.45
2022-05-02 15:35:05,830.3
2022-05-02 15:35:06,830.35
2022-05-02 15:35:10,830.35
2022-05-02 15:35:13,830.5
2022-05-02 15:35:17,830.5
2022-05-02 15:35:49,830.3
2022-05-02 15:35:51,830.3
2022-05-02 15:35:54,830.3
2022-05-02 15:35:56,830.25
2022-05-02 15:35:59,830.25
2022-05-02 15:36:01,830.3
2022-05-02 15:36:04,830.3
2022-05-02 15:36:07,830.3
2022-05-02 15:36:09,830.25
2022-05-02 15:36:12,830.5
2022-05-02 15:36:14,830.3
2022-05-02 15:36:17,830.3
2022-05-02 15:36:50,830.6
2022-05-02 15:36:53,830.75
2022-05-02 15:36:55,831.2
2022-05-02 15:36:58,830.6
2022-05-02 15:37:01,830.8
2022-05-02 15:37:04,830.6
2022-05-02 15:37:07,830.5
2022-05-02 15:37:09,830.55
2022-05-02 15:37:12,830.55
2022-05-02 15:37:15,830.6
2022-05-02 15:37:18,830.6
2022-05-02 15:37:51,830.55
2022-05-02 15:37:54,831.25
2022-05-02 15:37:57,831.25
2022-05-02 15:38:00,831.25
2022-05-02 15:38:03,831.25
2022-05-02 15:38:06,831.45
2022-05-02 15:38:09,831.5
2022-05-02 15:38:11,831.5
2022-05-02 15:38:14,831.3
2022-05-02 15:38:16,831.3
2022-05-02 15:38:50,831.85
2022-05-02 15:38:53,831.85
2022-05-02 15:38:57,831.8
2022-05-02 15:38:59,831.6
2022-05-02 15:39:03,831.55
2022-05-02 15:39:07,831.35
2022-05-02 15:39:10,831.3
2022-05-02 15:39:12,831.3
2022-05-02 15:39:15,831.3
2022-05-02 15:39:50,831.9
2022-05-02 15:39:53,830.7
2022-05-02 15:39:56,831.75
2022-05-02 15:39:59,831.25
2022-05-02 15:40:01,831
2022-05-02 15:40:03,830.95
2022-05-02 15:40:06,830.55
2022-05-02 15:40:09,830.55
2022-05-02 15:40:10,830.1
2022-05-02 15:40:12,830.5
2022-05-02 15:40:13,830.25
2022-05-02 15:40:14,830.05
2022-05-02 15:40:15,830.05
2022-05-02 15:40:17,830.5
2022-05-02 15:40:18,830.5
2022-05-02 15:40:19,830.15
2022-05-02 15:40:20,830.5
2022-05-02 15:40:21,830.5
2022-05-02 15:40:23,830.5
2022-05-02 15:40:24,830.5
2022-05-02 15:40:25,830.5
2022-05-02 15:40:26,830.5
2022-05-02 15:40:27,830.5
2022-05-02 15:40:28,830.5
2022-05-02 15:40:30,830.5
2022-05-02 15:40:31,830.55
2022-05-02 15:40:33,830.6
2022-05-02 15:40:34,830.75
2022-05-02 15:40:35,830.85
2022-05-02 15:40:36,830.8
2022-05-02 15:40:37,830.8
2022-05-02 15:40:38,830.85
2022-05-02 15:40:39,830.5
2022-05-02 15:40:40,830.5
2022-05-02 15:40:41,830.5
2022-05-02 15:40:42,830.5
2022-05-02 15:40:43,830.4
2022-05-02 15:40:44,830.4
2022-05-02 15:40:45,830.4
2022-05-02 15:40:47,830
2022-05-02 15:40:48,830
2022-05-02 15:41:19,831
2022-05-02 15:41:20,831
2022-05-02 15:41:21,831
2022-05-02 15:41:22,831
2022-05-02 15:41:23,830.5
2022-05-02 15:41:24,830.5
2022-05-02 15:41:25,830.4
2022-05-02 15:41:26,830.45
2022-05-02 15:41:28,830.45
2022-05-02 15:41:29,830.2
2022-05-02 15:41:30,830.2
2022-05-02 15:41:31,830.45
2022-05-02 15:41:32,830.45
2022-05-02 15:41:34,830.15
2022-05-02 15:41:35,830.1
2022-05-02 15:41:36,830.1
2022-05-02 15:41:37,830.1
2022-05-02 15:41:38,830.1
2022-05-02 15:41:40,830.1
2022-05-02 15:41:41,830.4
2022-05-02 15:41:42,830.4
2022-05-02 15:41:43,830.4
2022-05-02 15:41:44,830.75
2022-05-02 15:41:46,830.75
2022-05-02 15:41:47,830.8
2022-05-02 15:41:48,830.75
2022-05-02 15:42:19,830.5
2022-05-02 15:42:20,830
2022-05-02 15:42:21,830.5
2022-05-02 15:42:22,830
2022-05-02 15:42:23,830
2022-05-02 15:42:24,830
2022-05-02 15:42:25,830
2022-05-02 15:42:26,830.05
2022-05-02 15:42:27,830.05
2022-05-02 15:42:29,830.05
2022-05-02 15:42:30,830.05
2022-05-02 15:42:31,830.05
2022-05-02 15:42:33,830.05
2022-05-02 15:42:34,830
2022-05-02 15:42:35,830
2022-05-02 15:42:36,830.05
2022-05-02 15:42:37,830
2022-05-02 15:42:38,830
2022-05-02 15:42:39,830
2022-05-02 15:42:40,830
2022-05-02 15:42:41,830
2022-05-02 15:42:43,830.05
2022-05-02 15:42:45,830
2022-05-02 15:42:46,830.05
2022-05-02 15:42:47,830
2022-05-02 15:42:48,830
2022-05-02 15:43:18,830.05
2022-05-02 15:43:19,830.05
2022-05-02 15:43:20,829.9
2022-05-02 15:43:21,830.05
2022-05-02 15:43:22,830.05
2022-05-02 15:43:23,829.9
2022-05-02 15:43:24,830.05
2022-05-02 15:43:25,830.05
2022-05-02 15:43:26,829.9
2022-05-02 15:43:28,829.85
2022-05-02 15:43:29,829.85
2022-05-02 15:43:30,829.85
2022-05-02 15:43:31,829.85
2022-05-02 15:43:32,829.85
2022-05-02 15:43:33,829.85
2022-05-02 15:43:35,829.85
2022-05-02 15:43:36,829.85
2022-05-02 15:43:37,829.85
2022-05-02 15:43:38,829.85
2022-05-02 15:43:39,829.85
2022-05-02 15:43:40,829.85
2022-05-02 15:43:41,829.85
2022-05-02 15:43:42,829.85
2022-05-02 15:43:43,829.6
2022-05-02 15:43:44,829.6
2022-05-02 15:43:45,829.6
2022-05-02 15:43:46,829.85
2022-05-02 15:43:47,829.65
2022-05-02 15:43:48,829.65
2022-05-02 15:44:19,829.7
2022-05-02 15:44:20,829.7
2022-05-02 15:44:21,829.7
2022-05-02 15:44:22,829.7
2022-05-02 15:44:23,829.55
2022-05-02 15:44:24,829.55
2022-05-02 15:44:25,829.55
2022-05-02 15:44:26,829.55
2022-05-02 15:44:27,829.55
2022-05-02 15:44:28,829.55
2022-05-02 15:44:29,829.4
2022-05-02 15:44:30,829.4
2022-05-02 15:44:31,829.4
2022-05-02 15:44:32,829.4
2022-05-02 15:44:33,829.25
2022-05-02 15:44:34,829.25
2022-05-02 15:44:35,829.25
2022-05-02 15:44:36,829.15
2022-05-02 15:44:37,829.15
2022-05-02 15:44:38,829.15
2022-05-02 15:44:39,829.1
2022-05-02 15:44:40,829.1
2022-05-02 15:44:41,829.15
2022-05-02 15:44:42,829.15
2022-05-02 15:44:43,829.1
2022-05-02 15:44:44,829.1
2022-05-02 15:44:45,829.05
2022-05-02 15:44:46,829.05
2022-05-02 15:44:47,829
2022-05-02 15:44:48,829
2022-05-02 15:45:19,829.05
2022-05-02 15:45:20,829
2022-05-02 15:45:21,829.2
2022-05-02 15:45:22,829.05
2022-05-02 15:45:23,829.05
2022-05-02 15:45:24,829.25
2022-05-02 15:45:25,829
2022-05-02 15:45:26,829.05
2022-05-02 15:45:27,829
2022-05-02 15:45:28,829.05
2022-05-02 15:45:29,829.05
2022-05-02 15:45:30,829.05
2022-05-02 15:45:31,829.05
2022-05-02 15:45:32,829.05
2022-05-02 15:45:33,829
2022-05-02 15:45:34,829
2022-05-02 15:45:35,829
2022-05-02 15:45:36,829.05
2022-05-02 15:45:37,829.05
2022-05-02 15:45:38,829.05
2022-05-02 15:45:39,829.05
2022-05-02 15:45:40,829
2022-05-02 15:45:41,829
2022-05-02 15:45:42,829.05
2022-05-02 15:45:43,829.05
2022-05-02 15:45:44,829.05
2022-05-02 15:45:45,829
2022-05-02 15:45:46,829.05
2022-05-02 15:45:47,829.05
2022-05-02 15:45:48,829.05
2022-05-02 15:45:49,829.05
2022-05-02 15:45:50,829
2022-05-02 15:45:51,829.05
2022-05-02 15:45:52,829.05
2022-05-02 15:45:53,829
2022-05-02 15:45:54,829
2022-05-02 15:45:55,829
2022-05-02 15:45:56,829
2022-05-02 15:45:57,829.05
2022-05-02 15:45:58,829
2022-05-02 15:45:59,829
2022-05-02 15:46:00,829
2022-05-02 15:46:01,829
2022-05-02 15:46:02,829.05
2022-05-02 15:46:03,829.05
2022-05-02 15:46:04,829.05
2022-05-02 15:46:05,829
2022-05-02 15:46:06,829.05
2022-05-02 15:46:07,829
2022-05-02 15:46:08,829
2022-05-02 15:46:09,829
2022-05-02 15:46:10,829
2022-05-02 15:46:11,829.05
2022-05-02 15:46:12,829
2022-05-02 15:46:13,829
2022-05-02 15:46:14,829
2022-05-02 15:46:15,829
2022-05-02 15:46:16,829.05
2022-05-02 15:46:18,829.05
2022-05-02 15:46:49,828.1
2022-05-02 15:46:50,828.15
2022-05-02 15:46:51,828.65
2022-05-02 15:46:52,828.7
2022-05-02 15:46:53,828.7
2022-05-02 15:46:54,828.7
2022-05-02 15:46:55,828.7
2022-05-02 15:46:56,828.7
2022-05-02 15:46:57,828.7
2022-05-02 15:46:58,828.6
2022-05-02 15:46:59,828.6
2022-05-02 15:47:00,828.6
2022-05-02 15:47:01,828.7
2022-05-02 15:47:02,828.6
2022-05-02 15:47:03,828.6
2022-05-02 15:47:04,828.6
2022-05-02 15:47:05,828.7
2022-05-02 15:47:06,828.8
2022-05-02 15:47:07,828.8
2022-05-02 15:47:08,828.8
2022-05-02 15:47:09,828.7
2022-05-02 15:47:10,828.7
2022-05-02 15:47:11,828.5
2022-05-02 15:47:12,828.5
2022-05-02 15:47:13,828.5
2022-05-02 15:47:14,828.5
2022-05-02 15:47:15,828.7
2022-05-02 15:47:16,828.7
2022-05-02 15:47:17,828.7
2022-05-02 15:47:18,828.7
2022-05-02 15:47:49,829
2022-05-02 15:47:50,829
2022-05-02 15:47:51,828.95
2022-05-02 15:47:52,828.95
2022-05-02 15:47:53,828.95
2022-05-02 15:47:54,828.95
2022-05-02 15:47:55,828.95
2022-05-02 15:47:56,829
2022-05-02 15:47:57,829
2022-05-02 15:47:58,829
2022-05-02 15:47:59,829
2022-05-02 15:48:00,829
2022-05-02 15:48:01,828.95
2022-05-02 15:48:02,828.95
2022-05-02 15:48:03,828.9
2022-05-02 15:48:04,828.9
2022-05-02 15:48:05,828.9
2022-05-02 15:48:06,828.9
2022-05-02 15:48:07,828.9
2022-05-02 15:48:08,828.9
2022-05-02 15:48:09,828.9
2022-05-02 15:48:10,828.9
2022-05-02 15:48:11,828.9
2022-05-02 15:48:12,828.9
2022-05-02 15:48:13,828.9
2022-05-02 15:48:14,828.9
2022-05-02 15:48:15,828.9
2022-05-02 15:48:16,828.8
2022-05-02 15:48:17,828.8
2022-05-02 15:48:48,828.35
2022-05-02 15:48:49,828.35
2022-05-02 15:48:50,828.35
2022-05-02 15:48:51,828.8
2022-05-02 15:48:52,828.8
2022-05-02 15:48:53,828.8
2022-05-02 15:48:54,828.35
2022-05-02 15:48:55,828.8
2022-05-02 15:48:56,828.8
2022-05-02 15:48:57,828.35
2022-05-02 15:48:58,828.35
2022-05-02 15:48:59,828.35
2022-05-02 15:49:00,828.35
2022-05-02 15:49:01,828.3
2022-05-02 15:49:02,828.3
2022-05-02 15:49:04,828.3
2022-05-02 15:49:05,828.2
2022-05-02 15:49:06,828.35
2022-05-02 15:49:07,828.35
2022-05-02 15:49:08,828.35
2022-05-02 15:49:09,828.35
2022-05-02 15:49:10,828.35
2022-05-02 15:49:11,828.35
2022-05-02 15:49:12,828.1
2022-05-02 15:49:13,828.1
2022-05-02 15:49:14,828.1
2022-05-02 15:49:15,828.35
2022-05-02 15:49:16,828.35
2022-05-02 15:49:17,828.35
2022-05-02 15:49:18,828.1
2022-05-02 15:49:49,828.3
2022-05-02 15:49:50,828.3
2022-05-02 15:49:51,828.3
2022-05-02 15:49:52,828.1
2022-05-02 15:49:53,828.1
2022-05-02 15:49:54,828.1
2022-05-02 15:49:55,828.1
2022-05-02 15:49:56,828.3
2022-05-02 15:49:58,828
2022-05-02 15:49:59,828
2022-05-02 15:50:00,828
2022-05-02 15:50:01,828.3
2022-05-02 15:50:02,828.45
2022-05-02 15:50:03,828.1
2022-05-02 15:50:04,828.5
2022-05-02 15:50:05,828.5
2022-05-02 15:50:06,828.5
2022-05-02 15:50:07,828.5
2022-05-02 15:50:08,828.5
2022-05-02 15:50:09,828.5
2022-05-02 15:50:10,828.5
2022-05-02 15:50:11,828.5
2022-05-02 15:50:12,828.5
2022-05-02 15:50:13,828.5
2022-05-02 15:50:14,828.5
2022-05-02 15:50:15,828.5
2022-05-02 15:50:16,828.5
2022-05-02 15:50:17,828.5
2022-05-02 15:50:49,828.65
2022-05-02 15:50:50,828.65
2022-05-02 15:50:51,828.55
2022-05-02 15:50:53,828.5
2022-05-02 15:50:54,828.5
2022-05-02 15:50:55,828.5
2022-05-02 15:50:56,828.45
2022-05-02 15:50:57,828.45
2022-05-02 15:50:58,828.45
2022-05-02 15:50:59,828.55
2022-05-02 15:51:00,828.55
2022-05-02 15:51:01,828.95
2022-05-02 15:51:02,828.65
2022-05-02 15:51:03,828.3
2022-05-02 15:51:04,828.3
2022-05-02 15:51:05,828.3
2022-05-02 15:51:06,828.65
2022-05-02 15:51:07,828.3
2022-05-02 15:51:08,828.65
2022-05-02 15:51:09,828.65
2022-05-02 15:51:10,828.65
2022-05-02 15:51:11,828.3
2022-05-02 15:51:12,828.3
2022-05-02 15:51:13,828.3
2022-05-02 15:51:15,828.3
2022-05-02 15:51:16,828.65
2022-05-02 15:51:17,828.65
2022-05-02 15:51:18,828.65
2022-05-02 15:51:49,828.3
2022-05-02 15:51:50,828.25
2022-05-02 15:51:51,828.3
2022-05-02 15:51:52,828.3
2022-05-02 15:51:53,828.3
2022-05-02 15:51:54,828.25
2022-05-02 15:51:55,828.25
2022-05-02 15:51:56,828.25
2022-05-02 15:51:57,828.25
2022-05-02 15:51:58,828.25
2022-05-02 15:51:59,828.25
2022-05-02 15:52:00,828.25
2022-05-02 15:52:01,828.25
2022-05-02 15:52:02,828.25
2022-05-02 15:52:04,828.95
2022-05-02 15:52:05,828.95
2022-05-02 15:52:06,828.75
2022-05-02 15:52:07,828.75
2022-05-02 15:52:08,828.75
2022-05-02 15:52:09,828.75
2022-05-02 15:52:10,828.75
2022-05-02 15:52:11,828.75
2022-05-02 15:52:12,828.75
2022-05-02 15:52:13,828.75
2022-05-02 15:52:14,828.75
2022-05-02 15:52:16,828.7
2022-05-02 15:52:17,828.75
2022-05-02 15:52:18,828.75
2022-05-02 15:52:49,829
2022-05-02 15:52:50,829
2022-05-02 15:52:51,829
2022-05-02 15:52:52,829
2022-05-02 15:52:53,829
2022-05-02 15:52:54,829
2022-05-02 15:52:55,829
2022-05-02 15:52:56,829
2022-05-02 15:52:57,828.75
2022-05-02 15:52:58,829
2022-05-02 15:52:59,829
2022-05-02 15:53:00,829
2022-05-02 15:53:02,829
2022-05-02 15:53:03,829
2022-05-02 15:53:04,829
2022-05-02 15:53:06,829
2022-05-02 15:53:07,828.9
2022-05-02 15:53:08,828.9
2022-05-02 15:53:09,828.9
2022-05-02 15:53:10,828.9
2022-05-02 15:53:11,829
2022-05-02 15:53:12,829
2022-05-02 15:53:13,829
2022-05-02 15:53:14,829
2022-05-02 15:53:15,829
2022-05-02 15:53:16,829
2022-05-02 15:53:17,829
2022-05-02 15:53:18,829
2022-05-02 15:53:48,829.05
2022-05-02 15:53:50,829.05
2022-05-02 15:53:51,829.05
2022-05-02 15:53:52,829.05
2022-05-02 15:53:53,829
2022-05-02 15:53:55,829
2022-05-02 15:53:56,829
2022-05-02 15:53:57,829
2022-05-02 15:53:58,829
2022-05-02 15:53:59,829
2022-05-02 15:54:01,829
2022-05-02 15:54:02,828.95
2022-05-02 15:54:03,828.6
2022-05-02 15:54:04,828.95
2022-05-02 15:54:06,828.95
2022-05-02 15:54:07,828.95
2022-05-02 15:54:08,828.95
2022-05-02 15:54:10,828.95
2022-05-02 15:54:11,829
2022-05-02 15:54:12,829
2022-05-02 15:54:13,828.5
2022-05-02 15:54:14,828.5
2022-05-02 15:54:15,828.5
2022-05-02 15:54:16,828.65
2022-05-02 15:54:17,828.65
2022-05-02 15:54:49,828.5
2022-05-02 15:54:50,828.5
2022-05-02 15:54:51,828.6
2022-05-02 15:54:52,828.6
2022-05-02 15:54:53,828.6
2022-05-02 15:54:55,828.5
2022-05-02 15:54:56,828.6
2022-05-02 15:54:57,828.6
2022-05-02 15:54:58,828.5
2022-05-02 15:54:59,828.5
2022-05-02 15:55:00,828.6
2022-05-02 15:55:01,828.6
2022-05-02 15:55:02,828.5
2022-05-02 15:55:03,828.5
2022-05-02 15:55:04,828.5
2022-05-02 15:55:05,828.5
2022-05-02 15:55:06,828.6
2022-05-02 15:55:07,828.6
2022-05-02 15:55:09,828.6
2022-05-02 15:55:11,828.6
2022-05-02 15:55:14,828.6
2022-05-02 15:55:16,828.6
2022-05-02 15:55:49,828.6
2022-05-02 15:55:51,828.6
2022-05-02 15:55:54,828.6
2022-05-02 15:55:56,828.6
2022-05-02 15:55:59,828.6
2022-05-02 15:56:00,828.6
2022-05-02 15:56:02,828.6
2022-05-02 15:56:05,828.6
2022-05-02 15:56:07,828.5
2022-05-02 15:56:10,828.5
2022-05-02 15:56:13,828.6
2022-05-02 15:56:15,828.6
2022-05-02 15:56:17,828.55
2022-05-02 15:56:50,829.05
2022-05-02 15:56:52,829.05
2022-05-02 15:56:56,829.05
2022-05-02 15:56:59,829.05
2022-05-02 15:57:01,829
2022-05-02 15:57:04,829.05
2022-05-02 15:57:07,829
2022-05-02 15:57:10,829.15
2022-05-02 15:57:12,829.15
2022-05-02 15:57:15,829.15
2022-05-02 15:57:17,829.15
2022-05-02 15:57:20,829.15
2022-05-02 15:57:23,829.3
2022-05-02 15:57:26,829.75
2022-05-02 15:57:29,830
2022-05-02 15:57:34,829.85
2022-05-02 15:57:38,829.4
2022-05-02 15:57:42,829.75
2022-05-02 15:57:45,829.75
2022-05-02 15:57:48,829.75
2022-05-02 15:57:51,829.75
2022-05-02 15:57:54,829.75
2022-05-02 15:57:57,829.25
2022-05-02 15:57:59,829.25
2022-05-02 15:58:01,829.25
2022-05-02 15:58:04,829.25
2022-05-02 15:58:06,829.25
2022-05-02 15:58:08,829.25
2022-05-02 15:58:10,829.25
2022-05-02 15:58:12,829.05
2022-05-02 15:58:15,829.2
2022-05-02 15:58:17,829
2022-05-02 15:58:20,829.25
2022-05-02 15:58:22,829.25
2022-05-02 15:58:25,829.25
2022-05-02 15:58:27,829.05
2022-05-02 15:58:29,829.05
2022-05-02 15:58:32,829.05
2022-05-02 15:58:34,829
2022-05-02 15:58:36,829
2022-05-02 15:58:37,829.25
2022-05-02 15:58:39,829.25
2022-05-02 15:58:41,829.25
2022-05-02 15:58:43,829.25
2022-05-02 15:58:45,829
2022-05-02 15:58:47,829.25
2022-05-02 15:58:48,829.25
2022-05-02 15:58:50,829.25
2022-05-02 15:58:53,829.25
2022-05-02 15:58:56,829
2022-05-02 15:58:58,829.25
2022-05-02 15:58:59,829.25
2022-05-02 15:59:02,829.25
2022-05-02 15:59:05,829.25
2022-05-02 15:59:08,828.1
2022-05-02 15:59:10,828.2
2022-05-02 15:59:13,828.7
2022-05-02 15:59:16,828.7
2022-05-02 15:59:18,828.4
2022-05-02 15:59:50,828.6
2022-05-02 15:59:52,828.6
2022-05-02 15:59:54,828.25
2022-05-02 15:59:56,828.25
2022-05-02 15:59:57,828.6
2022-05-02 15:59:59,828.6
2022-05-02 16:00:01,828.6
2022-05-02 16:00:05,828.6
2022-05-02 16:00:07,828.6
2022-05-02 16:00:09,828.6
2022-05-02 16:00:11,828.65
2022-05-02 16:00:14,828.65
2022-05-02 16:00:18,828.65
2022-05-02 16:00:22,828.6
2022-05-02 16:00:25,828.6
2022-05-02 16:00:28,828.65
2022-05-02 16:00:30,828.7
2022-05-02 16:00:34,828.65
2022-05-02 16:00:37,828.7
2022-05-02 16:00:41,828.7
2022-05-02 16:00:44,828.7
2022-05-02 16:00:47,828.7
2022-05-02 16:00:49,828.6
2022-05-02 16:00:52,828.6
2022-05-02 16:00:55,828.6
2022-05-02 16:00:58,828.3
2022-05-02 16:01:02,828.6
2022-05-02 16:01:05,828.6
2022-05-02 16:01:08,828.6
2022-05-02 16:01:11,828.6
2022-05-02 16:01:14,828.6
2022-05-02 16:01:17,828.6
2022-05-02 16:01:20,828.6
2022-05-02 16:01:22,828.6
2022-05-02 16:01:25,828.6
2022-05-02 16:01:27,828.6
2022-05-02 16:01:30,828.35
2022-05-02 16:01:33,828.6
2022-05-02 16:01:36,828.6
2022-05-02 16:01:39,828.6
2022-05-02 16:01:42,828.55
2022-05-02 16:01:44,828.6
2022-05-02 16:01:48,828.55
2022-05-02 16:01:51,828.6
2022-05-02 16:01:54,828.6
2022-05-02 16:01:56,828.6
2022-05-02 16:01:58,828.6
2022-05-02 16:02:00,828.6
2022-05-02 16:02:02,828.6
2022-05-02 16:02:05,828.55
2022-05-02 16:02:08,828.6
2022-05-02 16:02:11,828.6
2022-05-02 16:02:14,828.6
2022-05-02 16:02:16,828.6
2022-05-02 16:02:50,828.35
2022-05-02 16:02:52,828.35
2022-05-02 16:02:55,828.35
2022-05-02 16:02:58,828.35
2022-05-02 16:03:01,828.35
2022-05-02 16:03:04,828.35
2022-05-02 16:03:06,828.35
2022-05-02 16:03:09,828.35
2022-05-02 16:03:12,828.35
2022-05-02 16:03:15,828.35
2022-05-02 16:03:17,828.35
2022-05-02 16:03:19,828.1
2022-05-02 16:03:23,828.35
2022-05-02 16:03:26,828.35
2022-05-02 16:03:28,828.35
2022-05-02 16:03:31,828.35
2022-05-02 16:03:33,828.1
2022-05-02 16:03:35,828.1
2022-05-02 16:03:37,828.35
2022-05-02 16:03:40,828.35
2022-05-02 16:03:42,828.35
2022-05-02 16:03:44,828.3
2022-05-02 16:03:46,828.3
2022-05-02 16:03:48,828.3
2022-05-02 16:04:21,828.2
2022-05-02 16:04:24,828.2
2022-05-02 16:04:27,828.2
2022-05-02 16:04:31,828.2
2022-05-02 16:04:33,828.2
2022-05-02 16:04:36,828.2
2022-05-02 16:04:39,828.15
2022-05-02 16:04:43,828.2
2022-05-02 16:04:46,828.3
2022-05-02 16:04:48,828.3
2022-05-02 16:05:21,828.1
2022-05-02 16:05:23,828.3
2022-05-02 16:05:26,828.35
2022-05-02 16:05:28,828.35
2022-05-02 16:05:30,828.25
2022-05-02 16:05:32,828.35
2022-05-02 16:05:33,828.35
2022-05-02 16:05:35,828.25
2022-05-02 16:05:37,828.35
2022-05-02 16:05:39,828.35
2022-05-02 16:05:41,828.35
2022-05-02 16:05:44,828.35
2022-05-02 16:05:46,828.35
2022-05-02 16:05:48,828.35
2022-05-02 16:05:50,828.25
2022-05-02 16:05:52,828.35
2022-05-02 16:05:54,828.35
2022-05-02 16:05:56,828.35
2022-05-02 16:05:59,828.25
2022-05-02 16:06:02,828.25
2022-05-02 16:06:05,828.35
2022-05-02 16:06:09,828.35
2022-05-02 16:06:12,828.35
2022-05-02 16:06:15,828.3
2022-05-02 16:06:18,828.35
2022-05-02 16:06:22,827.5
2022-05-02 16:06:25,828
2022-05-02 16:06:29,827.9
2022-05-02 16:06:32,827.75
2022-05-02 16:06:36,827.7
2022-05-02 16:06:39,827.7
2022-05-02 16:06:42,827.65
2022-05-02 16:06:45,827.5
2022-05-02 16:06:47,826.75
2022-05-02 16:06:50,826.75
2022-05-02 16:06:52,827.25
2022-05-02 16:06:54,827.25
2022-05-02 16:06:56,826.95
2022-05-02 16:06:58,827
2022-05-02 16:07:02,827
2022-05-02 16:07:05,826.9
2022-05-02 16:07:07,827.2
2022-05-02 16:07:10,827.2
2022-05-02 16:07:13,827
2022-05-02 16:07:15,827
2022-05-02 16:07:17,826.3
2022-05-02 16:07:20,826.3
2022-05-02 16:07:23,826.3
2022-05-02 16:07:25,826.15
2022-05-02 16:07:28,826.7
2022-05-02 16:07:31,826.7
2022-05-02 16:07:34,826.55
2022-05-02 16:07:37,826.55
2022-05-02 16:07:39,826.55
2022-05-02 16:07:41,826.55
2022-05-02 16:07:44,826.2
2022-05-02 16:07:48,826.5
2022-05-02 16:07:50,826.55
2022-05-02 16:07:53,826.55
2022-05-02 16:07:56,826.2
2022-05-02 16:07:59,826.7
2022-05-02 16:08:03,826.65
2022-05-02 16:08:08,827
2022-05-02 16:08:12,827
2022-05-02 16:08:16,826.95
2022-05-02 16:08:19,827
2022-05-02 16:08:21,826.65
2022-05-02 16:08:24,826.65
2022-05-02 16:08:26,827
2022-05-02 16:08:28,827
2022-05-02 16:08:31,827
2022-05-02 16:08:34,826.75
2022-05-02 16:08:37,827
2022-05-02 16:08:40,827
2022-05-02 16:08:44,826.75
2022-05-02 16:08:46,827
2022-05-02 16:08:50,827.4
2022-05-02 16:08:53,827.65
2022-05-02 16:08:56,827.65
2022-05-02 16:08:59,827.35
2022-05-02 16:09:02,827.65
2022-05-02 16:09:05,827.35
2022-05-02 16:09:07,827.65
2022-05-02 16:09:10,827.65
2022-05-02 16:09:13,827.65
2022-05-02 16:09:16,827.65
2022-05-02 16:09:18,827.4
2022-05-02 16:09:20,827.4
2022-05-02 16:09:22,827.65
2022-05-02 16:09:24,827.6
2022-05-02 16:09:26,827.6
2022-05-02 16:09:29,827.6
2022-05-02 16:09:31,827.4
2022-05-02 16:09:34,827.2
2022-05-02 16:09:37,827.1
2022-05-02 16:09:41,827.05
2022-05-02 16:09:44,827.05
2022-05-02 16:09:47,826.85
2022-05-02 16:10:21,826.9
2022-05-02 16:10:23,826.9
2022-05-02 16:10:26,826.3
2022-05-02 16:10:28,826.5
2022-05-02 16:10:29,826.3
2022-05-02 16:10:31,826.5
2022-05-02 16:10:33,826.25
2022-05-02 16:10:35,826.4
2022-05-02 16:10:38,826.4
2022-05-02 16:10:41,826.9
2022-05-02 16:10:43,826.5
2022-05-02 16:10:45,826.9
2022-05-02 16:10:47,826.9
2022-05-02 16:11:20,827
2022-05-02 16:11:23,827
2022-05-02 16:11:25,826.7
2022-05-02 16:11:28,827
2022-05-02 16:11:31,827
2022-05-02 16:11:34,827
2022-05-02 16:11:36,827
2022-05-02 16:11:38,827.1
2022-05-02 16:11:40,827.1
2022-05-02 16:11:43,826.65
2022-05-02 16:11:46,826.75
2022-05-02 16:11:49,826.75
2022-05-02 16:11:51,826.75
2022-05-02 16:11:54,826.75
2022-05-02 16:11:56,826.7
2022-05-02 16:11:58,826.4
2022-05-02 16:12:00,826.4
2022-05-02 16:12:03,826.7
2022-05-02 16:12:06,826.7
2022-05-02 16:12:09,826.95
2022-05-02 16:12:12,827
2022-05-02 16:12:15,826.45
2022-05-02 16:12:18,826.95
2022-05-02 16:12:20,826.95
2022-05-02 16:12:22,826.95
2022-05-02 16:12:24,826.95
2022-05-02 16:12:27,826.45
2022-05-02 16:12:29,826.95
2022-05-02 16:12:32,826.9
2022-05-02 16:12:34,826.9
2022-05-02 16:12:36,826.95
2022-05-02 16:12:38,827
2022-05-02 16:12:41,827
2022-05-02 16:12:43,827
2022-05-02 16:12:46,827
2022-05-02 16:12:48,827
2022-05-02 16:13:19,826.55
2022-05-02 16:13:23,827
2022-05-02 16:13:27,827.05
2022-05-02 16:13:32,827.25
2022-05-02 16:13:35,827.3
2022-05-02 16:13:40,827.15
2022-05-02 16:13:43,827.15
2022-05-02 16:13:46,826.7
2022-05-02 16:14:19,827.4
2022-05-02 16:14:23,827.6
2022-05-02 16:14:26,827.3
2022-05-02 16:14:28,827.55
2022-05-02 16:14:31,827.55
2022-05-02 16:14:34,827.55
2022-05-02 16:14:36,827.55
2022-05-02 16:14:38,827.6
2022-05-02 16:14:40,827.65
2022-05-02 16:14:42,827.8
2022-05-02 16:14:45,827.85
2022-05-02 16:14:47,827.85
2022-05-02 16:15:20,828.2
2022-05-02 16:15:23,828.4
2022-05-02 16:15:26,828.35
2022-05-02 16:15:29,828.35
2022-05-02 16:15:31,828.4
2022-05-02 16:15:33,828
2022-05-02 16:15:35,828
2022-05-02 16:15:38,828.3
2022-05-02 16:15:41,828.4
2022-05-02 16:15:44,828.4
2022-05-02 16:15:46,828.4
2022-05-02 16:16:19,827.6
2022-05-02 16:16:22,827.9
2022-05-02 16:16:24,827.9
2022-05-02 16:16:26,828.15
2022-05-02 16:16:29,828.15
2022-05-02 16:16:33,828.15
2022-05-02 16:16:36,828.15
2022-05-02 16:16:39,828.2
2022-05-02 16:16:41,828.25
2022-05-02 16:16:44,828.25
2022-05-02 16:16:46,828.3
2022-05-02 16:16:49,828.2
2022-05-02 16:16:51,828.2
2022-05-02 16:16:54,828.2
2022-05-02 16:16:57,828.25
2022-05-02 16:16:59,828.25
2022-05-02 16:17:01,828.25
2022-05-02 16:17:04,828.25
2022-05-02 16:17:06,828.45
2022-05-02 16:17:09,828.45
2022-05-02 16:17:12,828.45
2022-05-02 16:17:14,828.4
2022-05-02 16:17:17,828.25
2022-05-02 16:17:49,828.25
2022-05-02 16:17:52,828.2
2022-05-02 16:17:54,828.1
2022-05-02 16:17:56,828.2
2022-05-02 16:17:58,828.2
2022-05-02 16:18:00,828.2
2022-05-02 16:18:02,828.2
2022-05-02 16:18:04,828.2
2022-05-02 16:18:06,828.2
2022-05-02 16:18:08,828.2
2022-05-02 16:18:10,828.2
2022-05-02 16:18:12,828.2
2022-05-02 16:18:14,828
2022-05-02 16:18:17,828.2
2022-05-02 16:18:50,828.5
2022-05-02 16:18:53,828.5
2022-05-02 16:18:55,828.45
2022-05-02 16:18:57,828.1
2022-05-02 16:18:59,828.1
2022-05-02 16:19:01,828.4
2022-05-02 16:19:03,827.8
2022-05-02 16:19:05,827.8
2022-05-02 16:19:07,828.3
2022-05-02 16:19:10,828.45
2022-05-02 16:19:12,828.4
2022-05-02 16:19:15,828.5
2022-05-02 16:19:18,828.45
2022-05-02 16:19:20,828.45
2022-05-02 16:19:23,828.2
2022-05-02 16:19:25,828.3
2022-05-02 16:19:27,828.3
2022-05-02 16:19:29,828.3
2022-05-02 16:19:31,828.2
2022-05-02 16:19:33,828.45
2022-05-02 16:19:35,828.2
2022-05-02 16:19:37,828.45
2022-05-02 16:19:39,828.45
2022-05-02 16:19:40,828.5
2022-05-02 16:19:42,828.5
2022-05-02 16:19:44,828.3
2022-05-02 16:19:47,828.45
2022-05-02 16:19:49,828.45
2022-05-02 16:19:51,828.5
2022-05-02 16:19:53,828.3
2022-05-02 16:19:56,828.5
2022-05-02 16:19:59,828.5
2022-05-02 16:20:01,828.45
2022-05-02 16:20:04,828.45
2022-05-02 16:20:08,828.45
2022-05-02 16:20:09,828.45
2022-05-02 16:20:10,828.55
2022-05-02 16:20:11,828.6
2022-05-02 16:20:12,828.7
2022-05-02 16:20:13,828.75
2022-05-02 16:20:14,828.75
2022-05-02 16:20:15,828.75
2022-05-02 16:20:16,829
2022-05-02 16:20:17,829.2
2022-05-02 16:20:18,829.2
2022-05-02 16:20:49,828.95
2022-05-02 16:20:50,828.95
2022-05-02 16:20:51,829
2022-05-02 16:20:52,829
2022-05-02 16:20:53,828.7
2022-05-02 16:20:54,828.7
2022-05-02 16:20:55,828.7
2022-05-02 16:20:56,829.05
2022-05-02 16:20:57,829.05
2022-05-02 16:20:58,829.05
2022-05-02 16:20:59,829.05
2022-05-02 16:21:00,829.05
2022-05-02 16:21:01,829.05
2022-05-02 16:21:02,829.05
2022-05-02 16:21:03,829
2022-05-02 16:21:04,828.7
2022-05-02 16:21:05,828.7
2022-05-02 16:21:06,829
2022-05-02 16:21:07,829.05
2022-05-02 16:21:08,828.95
2022-05-02 16:21:09,828.95
2022-05-02 16:21:10,828.95
2022-05-02 16:21:11,828.95
2022-05-02 16:21:12,828.95
2022-05-02 16:21:13,828.7
2022-05-02 16:21:14,828.7
2022-05-02 16:21:15,828.3
2022-05-02 16:21:16,828.8
2022-05-02 16:21:17,828.8
2022-05-02 16:21:18,828.8
2022-05-02 16:21:19,828.8
2022-05-02 16:21:50,828.95
2022-05-02 16:21:51,828.95
2022-05-02 16:21:52,828.95
2022-05-02 16:21:53,828.95
2022-05-02 16:21:54,828.6
2022-05-02 16:21:55,828.6
2022-05-02 16:21:56,828.95
2022-05-02 16:21:57,828.95
2022-05-02 16:21:58,828.95
2022-05-02 16:21:59,828.6
2022-05-02 16:22:00,828.6
2022-05-02 16:22:01,828.6
2022-05-02 16:22:02,828.95
2022-05-02 16:22:03,828.6
2022-05-02 16:22:04,828.95
2022-05-02 16:22:05,828.6
2022-05-02 16:22:06,828.6
2022-05-02 16:22:07,828.6
2022-05-02 16:22:08,828.6
2022-05-02 16:22:09,828.6
2022-05-02 16:22:10,828.6
2022-05-02 16:22:11,828.85
2022-05-02 16:22:12,828.85
2022-05-02 16:22:13,828.6
2022-05-02 16:22:15,828.6
2022-05-02 16:22:16,828.6
2022-05-02 16:22:17,828.75
2022-05-02 16:22:18,828.75
2022-05-02 16:22:19,828.75
2022-05-02 16:22:49,828.7
2022-05-02 16:22:50,828.7
2022-05-02 16:22:51,828.7
2022-05-02 16:22:52,828.65
2022-05-02 16:22:53,828.65
2022-05-02 16:22:54,828.65
2022-05-02 16:22:55,828.65
2022-05-02 16:22:56,828.7
2022-05-02 16:22:57,828.7
2022-05-02 16:22:58,828.7
2022-05-02 16:22:59,828.7
2022-05-02 16:23:00,828.7
2022-05-02 16:23:01,828.7
2022-05-02 16:23:02,828.7
2022-05-02 16:23:03,828.65
2022-05-02 16:23:04,828.65
2022-05-02 16:23:05,828.65
2022-05-02 16:23:06,828.65
2022-05-02 16:23:07,828.65
2022-05-02 16:23:08,828.65
2022-05-02 16:23:09,828.65
2022-05-02 16:23:10,828.65
2022-05-02 16:23:11,828.65
2022-05-02 16:23:12,828.65
2022-05-02 16:23:13,828.35
2022-05-02 16:23:14,828.35
2022-05-02 16:23:15,828.35
2022-05-02 16:23:16,828.65
2022-05-02 16:23:17,828.65
2022-05-02 16:23:18,828.65
2022-05-02 16:23:49,828.55
2022-05-02 16:23:50,828.55
2022-05-02 16:23:51,828.5
2022-05-02 16:23:52,828.45
2022-05-02 16:23:53,828.45
2022-05-02 16:23:54,828.4
2022-05-02 16:23:55,828.4
2022-05-02 16:23:56,828.5
2022-05-02 16:23:57,828.7
2022-05-02 16:23:58,828.75
2022-05-02 16:23:59,828.75
2022-05-02 16:24:00,828.75
2022-05-02 16:24:01,828.75
2022-05-02 16:24:02,828.75
2022-05-02 16:24:03,828.7
2022-05-02 16:24:04,828.7
2022-05-02 16:24:05,828.7
2022-05-02 16:24:06,828.75
2022-05-02 16:24:07,828.75
2022-05-02 16:24:08,828.75
2022-05-02 16:24:09,828.75
2022-05-02 16:24:10,828.95
2022-05-02 16:24:11,828.95
2022-05-02 16:24:12,828.95
2022-05-02 16:24:13,828.75
2022-05-02 16:24:14,828.75
2022-05-02 16:24:15,828.75
2022-05-02 16:24:16,828.75
2022-05-02 16:24:17,828.75
2022-05-02 16:24:18,828.7
2022-05-02 16:24:50,828.9
2022-05-02 16:24:51,828.9
2022-05-02 16:24:52,828.85
2022-05-02 16:24:53,828.5
2022-05-02 16:24:54,828.5
2022-05-02 16:24:55,828.5
2022-05-02 16:24:57,828.5
2022-05-02 16:24:58,828.5
2022-05-02 16:24:59,828.5
2022-05-02 16:25:00,828.8
2022-05-02 16:25:01,828.8
2022-05-02 16:25:03,828.8
2022-05-02 16:25:04,828.5
2022-05-02 16:25:05,828.75
2022-05-02 16:25:06,828.75
2022-05-02 16:25:07,828.75
2022-05-02 16:25:08,828.95
2022-05-02 16:25:09,828.95
2022-05-02 16:25:12,828.95
2022-05-02 16:25:14,828.6
2022-05-02 16:25:17,828.9
2022-05-02 16:25:50,828.5
2022-05-02 16:25:53,828.25
2022-05-02 16:25:56,828.5
2022-05-02 16:25:59,828.5
2022-05-02 16:26:01,828.5
2022-05-02 16:26:04,828.25
2022-05-02 16:26:06,828.5
2022-05-02 16:26:08,828.5
2022-05-02 16:26:10,828.8
2022-05-02 16:26:13,828.65
2022-05-02 16:26:15,828.25
2022-05-02 16:26:18,828.7
2022-05-02 16:26:50,828.5
2022-05-02 16:26:53,828.45
2022-05-02 16:26:56,828.45
2022-05-02 16:26:59,828.45
2022-05-02 16:27:02,828.3
2022-05-02 16:27:06,828.4
2022-05-02 16:27:10,828.45
2022-05-02 16:27:13,828.45
2022-05-02 16:27:16,828.05
2022-05-02 16:27:19,828.35
2022-05-02 16:27:50,828.4
2022-05-02 16:27:53,828.1
2022-05-02 16:27:56,828.1
2022-05-02 16:27:58,828.4
2022-05-02 16:28:01,828.1
2022-05-02 16:28:03,828.1
2022-05-02 16:28:06,828.1
2022-05-02 16:28:08,828.4
2022-05-02 16:28:10,828.15
2022-05-02 16:28:13,828.4
2022-05-02 16:28:15,828.15
2022-05-02 16:28:17,828.4
2022-05-02 16:28:51,828
2022-05-02 16:28:54,827.7
2022-05-02 16:28:57,827.9
2022-05-02 16:29:00,827.9
2022-05-02 16:29:03,827.55
2022-05-02 16:29:07,827.9
2022-05-02 16:29:10,828.2
2022-05-02 16:29:12,828.2
2022-05-02 16:29:15,827.5
2022-05-02 16:29:18,827.8
2022-05-02 16:29:51,827.75
2022-05-02 16:29:53,827.65
2022-05-02 16:29:55,827.75
2022-05-02 16:29:57,827.75
2022-05-02 16:30:00,827.75
2022-05-02 16:30:02,827.75
2022-05-02 16:30:05,827.75
2022-05-02 16:30:08,827.7
2022-05-02 16:30:10,827.35
2022-05-02 16:30:11,827.7
2022-05-02 16:30:12,827.5
2022-05-02 16:30:13,827
2022-05-02 16:30:15,827
2022-05-02 16:30:16,827.35
2022-05-02 16:30:17,827.35
2022-05-02 16:30:19,827.4
2022-05-02 16:30:49,828.6
2022-05-02 16:30:50,828.6
2022-05-02 16:30:51,828.2
2022-05-02 16:30:52,828.55
2022-05-02 16:30:53,828.2
2022-05-02 16:30:54,828.2
2022-05-02 16:30:55,828.2
2022-05-02 16:30:56,828.55
2022-05-02 16:30:57,828.55
2022-05-02 16:30:58,828.2
2022-05-02 16:30:59,828.2
2022-05-02 16:31:00,828.55
2022-05-02 16:31:02,828.65
2022-05-02 16:31:03,828.2
2022-05-02 16:31:04,828.2
2022-05-02 16:31:05,828.2
2022-05-02 16:31:06,828.75
2022-05-02 16:31:07,828.75
2022-05-02 16:31:08,828.65
2022-05-02 16:31:10,828.65
2022-05-02 16:31:11,828.6
2022-05-02 16:31:12,828.6
2022-05-02 16:31:13,828.2
2022-05-02 16:31:15,828.2
2022-05-02 16:31:16,828.55
2022-05-02 16:31:17,828.55
2022-05-02 16:31:18,828.55
2022-05-02 16:31:51,827.9
2022-05-02 16:31:52,827.9
2022-05-02 16:31:53,827.9
2022-05-02 16:31:54,827.8
2022-05-02 16:31:55,827.8
2022-05-02 16:31:56,827.9
2022-05-02 16:31:57,827.9
2022-05-02 16:31:59,827.9
2022-05-02 16:32:00,827.9
2022-05-02 16:32:01,827.8
2022-05-02 16:32:02,827.9
2022-05-02 16:32:03,827.9
2022-05-02 16:32:04,827.9
2022-05-02 16:32:05,827.9
2022-05-02 16:32:06,827.9
2022-05-02 16:32:07,828
2022-05-02 16:32:08,827.8
2022-05-02 16:32:09,827.8
2022-05-02 16:32:10,827.8
2022-05-02 16:32:11,828
2022-05-02 16:32:12,828
2022-05-02 16:32:13,827.8
2022-05-02 16:32:14,827.8
2022-05-02 16:32:15,827.8
2022-05-02 16:32:17,828
2022-05-02 16:32:18,828
2022-05-02 16:32:19,828
2022-05-02 16:32:49,828
2022-05-02 16:32:50,828
2022-05-02 16:32:51,828
2022-05-02 16:32:52,828
2022-05-02 16:32:54,827.8
2022-05-02 16:32:55,827.8
2022-05-02 16:32:56,828
2022-05-02 16:32:57,828
2022-05-02 16:32:58,828
2022-05-02 16:33:00,828
2022-05-02 16:33:01,828
2022-05-02 16:33:02,828
2022-05-02 16:33:03,827.9
2022-05-02 16:33:04,827.9
2022-05-02 16:33:05,827.9
2022-05-02 16:33:06,828
2022-05-02 16:33:08,828
2022-05-02 16:33:09,828
2022-05-02 16:33:10,828
2022-05-02 16:33:11,828
2022-05-02 16:33:12,828
2022-05-02 16:33:13,828
2022-05-02 16:33:14,828
2022-05-02 16:33:16,828
2022-05-02 16:33:17,828
2022-05-02 16:33:18,828
2022-05-02 16:33:19,828
2022-05-02 16:33:49,827.8
2022-05-02 16:33:51,827.8
2022-05-02 16:33:52,828
2022-05-02 16:33:53,828
2022-05-02 16:33:54,827.75
2022-05-02 16:33:55,828
2022-05-02 16:33:56,828
2022-05-02 16:33:57,828
2022-05-02 16:33:58,828
2022-05-02 16:33:59,828
2022-05-02 16:34:01,828
2022-05-02 16:34:02,828
2022-05-02 16:34:03,828
2022-05-02 16:34:04,828
2022-05-02 16:34:05,828
2022-05-02 16:34:06,827.75
2022-05-02 16:34:07,828
2022-05-02 16:34:08,828
2022-05-02 16:34:09,828
2022-05-02 16:34:10,828
2022-05-02 16:34:11,827.75
2022-05-02 16:34:12,828
2022-05-02 16:34:13,827.55
2022-05-02 16:34:14,827.55
2022-05-02 16:34:16,827.95
2022-05-02 16:34:17,827.95
2022-05-02 16:34:19,827.5
2022-05-02 16:34:50,827.9
2022-05-02 16:34:51,827.9
2022-05-02 16:34:52,827.9
2022-05-02 16:34:53,827.9
2022-05-02 16:34:54,827.5
2022-05-02 16:34:55,827.5
2022-05-02 16:34:56,827.9
2022-05-02 16:34:57,827.85
2022-05-02 16:34:58,827.85
2022-05-02 16:35:00,827.85
2022-05-02 16:35:01,827.8
2022-05-02 16:35:02,827.8
2022-05-02 16:35:03,827.35
2022-05-02 16:35:04,827.35
2022-05-02 16:35:05,827.8
2022-05-02 16:35:06,827.8
2022-05-02 16:35:07,827.75
2022-05-02 16:35:08,827.75
2022-05-02 16:35:11,827.8
2022-05-02 16:35:14,827.4
2022-05-02 16:35:17,827.8
2022-05-02 16:35:50,828.05
2022-05-02 16:35:52,828.35
2022-05-02 16:35:54,828.05
2022-05-02 16:35:56,828.35
2022-05-02 16:35:58,828.35
2022-05-02 16:36:00,828.35
2022-05-02 16:36:02,828.35
2022-05-02 16:36:04,828.05
2022-05-02 16:36:06,828.05
2022-05-02 16:36:09,828.05
2022-05-02 16:36:11,828.35
2022-05-02 16:36:13,828
2022-05-02 16:36:15,828
2022-05-02 16:36:18,828.35
2022-05-02 16:36:51,828.15
2022-05-02 16:36:54,827.8
2022-05-02 16:36:56,828.1
2022-05-02 16:36:59,828.15
2022-05-02 16:37:01,828.15
2022-05-02 16:37:03,828.2
2022-05-02 16:37:05,828.2
2022-05-02 16:37:08,828.2
2022-05-02 16:37:11,828.4
2022-05-02 16:37:14,828.2
2022-05-02 16:37:17,828.4
2022-05-02 16:37:50,828.2
2022-05-02 16:37:52,828.25
2022-05-02 16:37:55,827.6
2022-05-02 16:37:57,827.95
2022-05-02 16:38:00,827.75
2022-05-02 16:38:02,827.95
2022-05-02 16:38:05,828
2022-05-02 16:38:08,827.95
2022-05-02 16:38:10,827.8
2022-05-02 16:38:12,827.95
2022-05-02 16:38:15,827.95
2022-05-02 16:38:17,828.2
2022-05-02 16:38:51,827.8
2022-05-02 16:38:53,827.4
2022-05-02 16:38:55,827.4
2022-05-02 16:38:58,827.5
2022-05-02 16:39:02,827.75
2022-05-02 16:39:06,827.5
2022-05-02 16:39:08,827.75
2022-05-02 16:39:11,827.65
2022-05-02 16:39:14,827.5
2022-05-02 16:39:17,827.75
2022-05-02 16:39:51,827.85
2022-05-02 16:39:53,827.8
2022-05-02 16:39:56,827.85
2022-05-02 16:39:59,827.8
2022-05-02 16:40:02,827.85
2022-05-02 16:40:05,827.7
2022-05-02 16:40:08,827.7
2022-05-02 16:40:09,827.7
2022-05-02 16:40:10,827.7
2022-05-02 16:40:11,827.7
2022-05-02 16:40:12,827.7
2022-05-02 16:40:13,827.35
2022-05-02 16:40:14,827.35
2022-05-02 16:40:16,827.7
2022-05-02 16:40:17,827.7
2022-05-02 16:40:19,827.7
2022-05-02 16:40:50,827.35
2022-05-02 16:40:51,827.35
2022-05-02 16:40:52,827.5
2022-05-02 16:40:53,827.5
2022-05-02 16:40:54,827.35
2022-05-02 16:40:55,827.35
2022-05-02 16:40:56,827.5
2022-05-02 16:40:57,827.5
2022-05-02 16:40:58,827.35
2022-05-02 16:41:00,827.35
2022-05-02 16:41:01,827.4
2022-05-02 16:41:02,827.4
2022-05-02 16:41:03,827.35
2022-05-02 16:41:04,827.4
2022-05-02 16:41:06,827.4
2022-05-02 16:41:07,827.4
2022-05-02 16:41:08,827.4
2022-05-02 16:41:09,827.4
2022-05-02 16:41:10,827.4
2022-05-02 16:41:11,827.4
2022-05-02 16:41:12,827.4
2022-05-02 16:41:13,827.4
2022-05-02 16:41:14,827.05
2022-05-02 16:41:16,827
2022-05-02 16:41:17,827.05
2022-05-02 16:41:18,827.05
2022-05-02 16:41:19,827.05
2022-05-02 16:41:50,827.05
2022-05-02 16:41:51,827.35
2022-05-02 16:41:52,827.35
2022-05-02 16:41:53,827.1
2022-05-02 16:41:54,827.1
2022-05-02 16:41:55,827.35
2022-05-02 16:41:56,827.35
2022-05-02 16:41:57,827.35
2022-05-02 16:41:58,827.35
2022-05-02 16:42:00,827.35
2022-05-02 16:42:01,827.65
2022-05-02 16:42:02,827.65
2022-05-02 16:42:03,827.25
2022-05-02 16:42:05,827.65
2022-05-02 16:42:06,827.3
2022-05-02 16:42:07,827.35
2022-05-02 16:42:08,827.35
2022-05-02 16:42:09,827.3
2022-05-02 16:42:10,827.3
2022-05-02 16:42:11,827.55
2022-05-02 16:42:12,827.55
2022-05-02 16:42:13,827.25
2022-05-02 16:42:14,827.25
2022-05-02 16:42:15,827.25
2022-05-02 16:42:17,827.55
2022-05-02 16:42:18,827.55
2022-05-02 16:42:19,827.55
2022-05-02 16:42:50,827.2
2022-05-02 16:42:51,827.55
2022-05-02 16:42:52,827.55
2022-05-02 16:42:53,827.2
2022-05-02 16:42:54,827.5
2022-05-02 16:42:56,827.5
2022-05-02 16:42:57,827.5
2022-05-02 16:42:59,827.5
2022-05-02 16:43:00,827.5
2022-05-02 16:43:01,827.5
2022-05-02 16:43:02,827.5
2022-05-02 16:43:03,827.2
2022-05-02 16:43:04,827.2
2022-05-02 16:43:06,827.5
2022-05-02 16:43:07,827.6
2022-05-02 16:43:08,827.6
2022-05-02 16:43:09,827.75
2022-05-02 16:43:10,827.75
2022-05-02 16:43:11,827.75
2022-05-02 16:43:12,827.75
2022-05-02 16:43:13,827.3
2022-05-02 16:43:14,827.3
2022-05-02 16:43:16,827.3
2022-05-02 16:43:17,827.75
2022-05-02 16:43:18,827.75
2022-05-02 16:43:19,827.75
2022-05-02 16:43:50,827.3
2022-05-02 16:43:51,827.7
2022-05-02 16:43:52,827.7
2022-05-02 16:43:53,827.7
2022-05-02 16:43:54,827.3
2022-05-02 16:43:55,827.3
2022-05-02 16:43:56,827.3
2022-05-02 16:43:57,827.65
2022-05-02 16:43:58,827.3
2022-05-02 16:43:59,827.3
2022-05-02 16:44:00,827.3
2022-05-02 16:44:01,827.3
2022-05-02 16:44:02,827.25
2022-05-02 16:44:03,827.2
2022-05-02 16:44:04,827.2
2022-05-02 16:44:05,827.3
2022-05-02 16:44:07,827.65
2022-05-02 16:44:08,827.65
2022-05-02 16:44:09,827.25
2022-05-02 16:44:10,827.25
2022-05-02 16:44:11,827.25
2022-05-02 16:44:12,827.65
2022-05-02 16:44:13,827.3
2022-05-02 16:44:14,827.3
2022-05-02 16:44:15,827.65
2022-05-02 16:44:16,827.65
2022-05-02 16:44:17,827.65
2022-05-02 16:44:18,827.3
2022-05-02 16:44:19,827.3
2022-05-02 16:44:50,827.9
2022-05-02 16:44:51,828.25
2022-05-02 16:44:52,828.25
2022-05-02 16:44:53,828.25
2022-05-02 16:44:54,828.25
2022-05-02 16:44:55,828.25
2022-05-02 16:44:56,828.2
2022-05-02 16:44:57,828.2
2022-05-02 16:44:58,828.2
2022-05-02 16:44:59,827.85
2022-05-02 16:45:00,827.9
2022-05-02 16:45:01,827.9
2022-05-02 16:45:02,827.85
2022-05-02 16:45:04,827.85
2022-05-02 16:45:05,827.9
2022-05-02 16:45:06,827.9
2022-05-02 16:45:07,828.25
2022-05-02 16:45:08,828.25
2022-05-02 16:45:11,828.25
2022-05-02 16:45:13,828.3
2022-05-02 16:45:16,828.3
2022-05-02 16:45:50,828.3
2022-05-02 16:45:54,828.3
2022-05-02 16:45:58,828.3
2022-05-02 16:46:02,828.3
2022-05-02 16:46:05,828.3
2022-05-02 16:46:08,828.5
2022-05-02 16:46:10,828.5
2022-05-02 16:46:13,828.4
2022-05-02 16:46:17,828.4
2022-05-02 16:46:52,828.95
2022-05-02 16:46:58,828.9
2022-05-02 16:47:02,828.9
2022-05-02 16:47:07,829
2022-05-02 16:47:11,829
2022-05-02 16:47:15,829
2022-05-02 16:47:19,829
2022-05-02 16:47:22,828.8
2022-05-02 16:47:25,828.75
2022-05-02 16:47:28,828.8
2022-05-02 16:47:32,828.8
2022-05-02 16:47:35,828.75
2022-05-02 16:47:39,828.65
2022-05-02 16:47:43,828.55
2022-05-02 16:47:46,828.55
2022-05-02 16:48:19,828.8
2022-05-02 16:48:23,828.8
2022-05-02 16:48:27,828.8
2022-05-02 16:48:30,828.8
2022-05-02 16:48:34,828.45
2022-05-02 16:48:39,828.85
2022-05-02 16:48:44,828.05
2022-05-02 16:48:48,828.55
2022-05-02 16:49:19,827.65
2022-05-02 16:49:23,827.9
2022-05-02 16:49:27,827.65
2022-05-02 16:49:32,827.9
2022-05-02 16:49:35,827.65
2022-05-02 16:49:39,827.45
2022-05-02 16:49:42,828
2022-05-02 16:49:45,828
2022-05-02 16:49:48,827.9
2022-05-02 16:50:20,828
2022-05-02 16:50:24,828
2022-05-02 16:50:28,828
2022-05-02 16:50:32,828
2022-05-02 16:50:35,828
2022-05-02 16:50:38,828
2022-05-02 16:50:41,828
2022-05-02 16:50:44,828
2022-05-02 16:50:47,828
2022-05-02 16:51:21,828
2022-05-02 16:51:24,827.8
2022-05-02 16:51:28,828
2022-05-02 16:51:32,828
2022-05-02 16:51:35,828
2022-05-02 16:51:38,828
2022-05-02 16:51:41,828
2022-05-02 16:51:44,828
2022-05-02 16:51:47,827.95
2022-05-02 16:52:21,827.9
2022-05-02 16:52:24,827.95
2022-05-02 16:52:28,827.95
2022-05-02 16:52:31,827.95
2022-05-02 16:52:35,827.95
2022-05-02 16:52:38,827.95
2022-05-02 16:52:41,827.95
2022-05-02 16:52:44,827.95
2022-05-02 16:52:47,827.95
2022-05-02 16:52:50,827.95
2022-05-02 16:52:53,827.95
2022-05-02 16:52:57,827.75
2022-05-02 16:53:00,827.75
2022-05-02 16:53:03,827.75
2022-05-02 16:53:06,827.85
2022-05-02 16:53:09,827.5
2022-05-02 16:53:12,827.85
2022-05-02 16:53:15,827.45
2022-05-02 16:53:19,827.85
2022-05-02 16:53:22,827.9
2022-05-02 16:53:25,827.95
2022-05-02 16:53:28,828
2022-05-02 16:53:31,828.8
2022-05-02 16:53:35,828.65
2022-05-02 16:53:38,828.7
2022-05-02 16:53:40,828.7
2022-05-02 16:53:43,828.7
2022-05-02 16:53:46,828.7
2022-05-02 16:53:49,828.7
2022-05-02 16:53:52,828.7
2022-05-02 16:53:54,828.4
2022-05-02 16:53:57,828.7
2022-05-02 16:53:59,828.8
2022-05-02 16:54:02,828.85
2022-05-02 16:54:05,828.7
2022-05-02 16:54:08,829
2022-05-02 16:54:11,829
2022-05-02 16:54:14,829
2022-05-02 16:54:18,829
2022-05-02 16:54:22,829
2022-05-02 16:54:25,829
2022-05-02 16:54:29,829
2022-05-02 16:54:32,829.25
2022-05-02 16:54:37,829
2022-05-02 16:54:41,828.85
2022-05-02 16:54:44,829
2022-05-02 16:54:48,829
2022-05-02 16:55:20,829.85
2022-05-02 16:55:23,829.25
2022-05-02 16:55:26,829.25
2022-05-02 16:55:29,829.3
2022-05-02 16:55:33,829.3
2022-05-02 16:55:36,829.25
2022-05-02 16:55:39,829
2022-05-02 16:55:41,829.45
2022-05-02 16:55:43,829.45
2022-05-02 16:55:45,829.2
2022-05-02 16:55:48,829.45
2022-05-02 16:55:51,829.45
2022-05-02 16:55:53,829.45
2022-05-02 16:55:56,829.45
2022-05-02 16:55:58,829.4
2022-05-02 16:56:00,829.4
2022-05-02 16:56:03,829.6
2022-05-02 16:56:06,829.4
2022-05-02 16:56:09,829.45
2022-05-02 16:56:11,829.55
2022-05-02 16:56:14,829.35
2022-05-02 16:56:16,829.35
2022-05-02 16:56:19,829.35
2022-05-02 16:56:22,829.5
2022-05-02 16:56:25,829.45
2022-05-02 16:56:28,829.5
2022-05-02 16:56:31,829.5
2022-05-02 16:56:34,829.45
2022-05-02 16:56:37,829
2022-05-02 16:56:39,829.05
2022-05-02 16:56:42,829.35
2022-05-02 16:56:44,829.3
2022-05-02 16:56:47,829
2022-05-02 16:56:49,829
2022-05-02 16:57:20,829.35
2022-05-02 16:57:23,829.35
2022-05-02 16:57:25,829.35
2022-05-02 16:57:28,829.35
2022-05-02 16:57:30,829.05
2022-05-02 16:57:33,829.35
2022-05-02 16:57:36,829.3
2022-05-02 16:57:40,829.05
2022-05-02 16:57:42,829.3
2022-05-02 16:57:45,829.05
2022-05-02 16:57:48,829.05
2022-05-02 16:58:22,829.5
2022-05-02 16:58:24,829
2022-05-02 16:58:27,829.45
2022-05-02 16:58:29,829.45
2022-05-02 16:58:31,829.45
2022-05-02 16:58:34,829.45
2022-05-02 16:58:36,829.45
2022-05-02 16:58:39,829.2
2022-05-02 16:58:41,829.45
2022-05-02 16:58:44,829.45
2022-05-02 16:58:47,829.45
2022-05-02 16:58:49,829.2
2022-05-02 16:58:52,829.2
2022-05-02 16:58:54,829.2
2022-05-02 16:58:56,829.2
2022-05-02 16:58:59,829.15
2022-05-02 16:59:02,829.15
2022-05-02 16:59:05,829.15
2022-05-02 16:59:08,829.15
2022-05-02 16:59:12,829.15
2022-05-02 16:59:15,829.1
2022-05-02 16:59:18,829.15
2022-05-02 16:59:21,829.15
2022-05-02 16:59:24,829.05
2022-05-02 16:59:27,829.15
2022-05-02 16:59:29,829
2022-05-02 16:59:33,829.15
2022-05-02 16:59:36,829
2022-05-02 16:59:38,829.15
2022-05-02 16:59:41,829.15
2022-05-02 16:59:43,829.15
2022-05-02 16:59:46,829.15
2022-05-02 16:59:49,829.15
2022-05-02 16:59:51,829.15
2022-05-02 16:59:54,829.05
2022-05-02 16:59:58,829.05
2022-05-02 17:00:01,829.15
2022-05-02 17:00:06,829.45
2022-05-02 17:00:09,829.4
2022-05-02 17:00:10,829.6
2022-05-02 17:00:11,829.55
2022-05-02 17:00:13,830
2022-05-02 17:00:14,829.75
2022-05-02 17:00:15,829.75
2022-05-02 17:00:17,830
2022-05-02 17:00:18,829.9
2022-05-02 17:00:19,830
2022-05-02 17:00:50,830.2
2022-05-02 17:00:51,830.2
2022-05-02 17:00:53,830.2
2022-05-02 17:00:54,830.2
2022-05-02 17:00:55,830.2
2022-05-02 17:00:56,830.2
2022-05-02 17:00:57,830.2
2022-05-02 17:00:58,830.2
2022-05-02 17:00:59,830.2
2022-05-02 17:01:00,830.25
2022-05-02 17:01:01,830.25
2022-05-02 17:01:02,830.25
2022-05-02 17:01:04,830
2022-05-02 17:01:05,830
2022-05-02 17:01:06,830.5
2022-05-02 17:01:07,830.4
2022-05-02 17:01:08,830.4
2022-05-02 17:01:09,830.4
2022-05-02 17:01:10,830.35
2022-05-02 17:01:12,830.35
2022-05-02 17:01:13,830.2
2022-05-02 17:01:15,830.35
2022-05-02 17:01:16,830
2022-05-02 17:01:17,830.3
2022-05-02 17:01:18,830.35
2022-05-02 17:01:19,830.35
2022-05-02 17:01:20,830.35
2022-05-02 17:01:21,830.35
2022-05-02 17:01:23,830.35
2022-05-02 17:01:24,830.35
2022-05-02 17:01:25,830.3
2022-05-02 17:01:26,830.3
2022-05-02 17:01:27,830.2
2022-05-02 17:01:29,830
2022-05-02 17:01:30,830.35
2022-05-02 17:01:31,830.35
2022-05-02 17:01:32,830.3
2022-05-02 17:01:34,830.05
2022-05-02 17:01:35,830.05
2022-05-02 17:01:36,830.05
2022-05-02 17:01:37,830.3
2022-05-02 17:01:38,830.3
2022-05-02 17:01:39,830.3
2022-05-02 17:01:41,830.3
2022-05-02 17:01:43,830.3
2022-05-02 17:01:44,830.3
2022-05-02 17:01:45,830.3
2022-05-02 17:01:46,830.3
2022-05-02 17:01:47,830.1
2022-05-02 17:01:48,830.3
2022-05-02 17:01:49,830.3
2022-05-02 17:01:50,830.3
2022-05-02 17:01:51,830.3
2022-05-02 17:01:52,830.3
2022-05-02 17:01:53,830.3
2022-05-02 17:01:54,830.1
2022-05-02 17:01:55,830.1
2022-05-02 17:01:56,830.3
2022-05-02 17:01:57,830.2
2022-05-02 17:01:58,830.1
2022-05-02 17:01:59,830.1
2022-05-02 17:02:01,830.2
2022-05-02 17:02:02,830.2
2022-05-02 17:02:03,830.2
2022-05-02 17:02:04,830.2
2022-05-02 17:02:05,830.2
2022-05-02 17:02:06,830.3
2022-05-02 17:02:07,830.15
2022-05-02 17:02:08,830.3
2022-05-02 17:02:09,830.1
2022-05-02 17:02:10,830.3
2022-05-02 17:02:11,830.3
2022-05-02 17:02:12,830.3
2022-05-02 17:02:13,830.1
2022-05-02 17:02:14,830.1
2022-05-02 17:02:16,830.3
2022-05-02 17:02:17,830.25
2022-05-02 17:02:18,830.25
2022-05-02 17:02:19,830
2022-05-02 17:02:50,830
2022-05-02 17:02:51,830.05
2022-05-02 17:02:53,830.05
2022-05-02 17:02:54,830.05
2022-05-02 17:02:55,830
2022-05-02 17:02:56,830
2022-05-02 17:02:58,830
2022-05-02 17:02:59,830
2022-05-02 17:03:00,830.05
2022-05-02 17:03:01,830.05
2022-05-02 17:03:02,830.05
2022-05-02 17:03:03,830.05
2022-05-02 17:03:04,830
2022-05-02 17:03:05,830
2022-05-02 17:03:06,830.05
2022-05-02 17:03:07,830
2022-05-02 17:03:08,830.05
2022-05-02 17:03:09,830.05
2022-05-02 17:03:10,830.05
2022-05-02 17:03:11,830.1
2022-05-02 17:03:13,830.1
2022-05-02 17:03:14,830.1
2022-05-02 17:03:15,830.3
2022-05-02 17:03:16,830.3
2022-05-02 17:03:17,830.3
2022-05-02 17:03:18,830.3
2022-05-02 17:03:19,830.1
2022-05-02 17:03:20,830.3
2022-05-02 17:03:21,830.3
2022-05-02 17:03:23,830.5
2022-05-02 17:03:24,830.5
2022-05-02 17:03:25,830.3
2022-05-02 17:03:26,830.3
2022-05-02 17:03:28,830.3
2022-05-02 17:03:29,830.1
2022-05-02 17:03:30,830.3
2022-05-02 17:03:31,830.3
2022-05-02 17:03:32,830.3
2022-05-02 17:03:33,830.3
2022-05-02 17:03:35,830.3
2022-05-02 17:03:36,830.3
2022-05-02 17:03:37,830.5
2022-05-02 17:03:38,830.5
2022-05-02 17:03:39,830.3
2022-05-02 17:03:40,830.5
2022-05-02 17:03:42,830.5
2022-05-02 17:03:44,830.5
2022-05-02 17:03:45,830.3
2022-05-02 17:03:46,830.3
2022-05-02 17:03:47,830.3
2022-05-02 17:03:48,830.3
2022-05-02 17:03:49,830.3
2022-05-02 17:03:50,830.5
2022-05-02 17:03:51,830.5
2022-05-02 17:03:52,830.5
2022-05-02 17:03:53,830.5
2022-05-02 17:03:54,830.5
2022-05-02 17:03:55,830.5
2022-05-02 17:03:56,830.5
2022-05-02 17:03:57,830.5
2022-05-02 17:03:58,830.5
2022-05-02 17:03:59,830.35
2022-05-02 17:04:01,830.5
2022-05-02 17:04:02,830.5
2022-05-02 17:04:03,830.5
2022-05-02 17:04:04,830.5
2022-05-02 17:04:05,830.35
2022-05-02 17:04:06,830.5
2022-05-02 17:04:07,830.5
2022-05-02 17:04:08,830.35
2022-05-02 17:04:09,830.35
2022-05-02 17:04:10,830.5
2022-05-02 17:04:11,830.5
2022-05-02 17:04:12,830.35
2022-05-02 17:04:14,830.35
2022-05-02 17:04:16,830.35
2022-05-02 17:04:17,830.5
2022-05-02 17:04:18,830.5
2022-05-02 17:04:19,830.5
2022-05-02 17:04:20,830.5
2022-05-02 17:04:21,830.35
2022-05-02 17:04:22,830.5
2022-05-02 17:04:23,830.5
2022-05-02 17:04:24,830.5
2022-05-02 17:04:25,830.5
2022-05-02 17:04:26,830.1
2022-05-02 17:04:27,830.45
2022-05-02 17:04:28,830.45
2022-05-02 17:04:29,830.05
2022-05-02 17:04:30,830.45
2022-05-02 17:04:31,830.05
2022-05-02 17:04:33,830.45
2022-05-02 17:04:34,830
2022-05-02 17:04:35,830.4
2022-05-02 17:04:36,830.3
2022-05-02 17:04:37,830.3
2022-05-02 17:04:38,830.3
2022-05-02 17:04:40,830.3
2022-05-02 17:04:41,830.3
2022-05-02 17:04:42,830.3
2022-05-02 17:04:43,830.3
2022-05-02 17:04:44,830
2022-05-02 17:04:45,830
2022-05-02 17:04:46,830.3
2022-05-02 17:04:47,830.3
2022-05-02 17:04:49,830.3
2022-05-02 17:04:50,830
2022-05-02 17:04:51,830.3
2022-05-02 17:04:52,830.3
2022-05-02 17:04:53,830.3
2022-05-02 17:04:54,830.05
2022-05-02 17:04:55,831.2
2022-05-02 17:04:56,830.55
2022-05-02 17:04:57,831.9
2022-05-02 17:04:58,831.95
2022-05-02 17:04:59,831.7
2022-05-02 17:05:00,832
2022-05-02 17:05:01,831.95
2022-05-02 17:05:02,831.55
2022-05-02 17:05:04,831.5
2022-05-02 17:05:05,831.4
2022-05-02 17:05:06,831.4
2022-05-02 17:05:07,831.75
2022-05-02 17:05:08,831.75
2022-05-02 17:05:09,831.1
2022-05-02 17:05:10,831.5
2022-05-02 17:05:11,831.5
2022-05-02 17:05:12,831.45
2022-05-02 17:05:13,831.05
2022-05-02 17:05:14,831.05
2022-05-02 17:05:15,831.05
2022-05-02 17:05:16,831.05
2022-05-02 17:05:17,831.4
2022-05-02 17:05:18,831
2022-05-02 17:05:20,831.05
2022-05-02 17:05:21,830.75
2022-05-02 17:05:22,831.05
2022-05-02 17:05:23,830.65
2022-05-02 17:05:24,830.65
2022-05-02 17:05:25,830.6
2022-05-02 17:05:26,831
2022-05-02 17:05:28,831.05
2022-05-02 17:05:29,830.75
2022-05-02 17:05:30,830.7
2022-05-02 17:05:31,830.7
2022-05-02 17:05:32,830.7
2022-05-02 17:05:33,830.95
2022-05-02 17:05:35,830.7
2022-05-02 17:05:36,830.7
2022-05-02 17:05:37,831
2022-05-02 17:05:38,830.85
2022-05-02 17:05:39,830.85
2022-05-02 17:05:40,830.65
2022-05-02 17:05:41,830.3
2022-05-02 17:05:42,830.8
2022-05-02 17:05:43,830.5
2022-05-02 17:05:44,830.5
2022-05-02 17:05:45,830.3
2022-05-02 17:05:46,830.8
2022-05-02 17:05:47,830.8
2022-05-02 17:05:48,830.45
2022-05-02 17:05:49,830.45
2022-05-02 17:05:50,830.8
2022-05-02 17:05:51,830.35
2022-05-02 17:05:53,830.75
2022-05-02 17:05:54,830.5
2022-05-02 17:05:55,830.45
2022-05-02 17:05:57,830.5
2022-05-02 17:05:58,830.5
2022-05-02 17:05:59,830.4
2022-05-02 17:06:01,830.5
2022-05-02 17:06:02,830.4
2022-05-02 17:06:04,830.25
2022-05-02 17:06:05,830.25
2022-05-02 17:06:06,830.25
2022-05-02 17:06:07,830.35
2022-05-02 17:06:08,830.2
2022-05-02 17:06:09,830.2
2022-05-02 17:06:11,830.15
2022-05-02 17:06:12,830.35
2022-05-02 17:06:13,830
2022-05-02 17:06:14,830.25
2022-05-02 17:06:15,830
2022-05-02 17:06:16,830
2022-05-02 17:06:17,830.4
2022-05-02 17:06:19,830.45
2022-05-02 17:06:21,830.05
2022-05-02 17:06:22,830.4
2022-05-02 17:06:24,830
2022-05-02 17:06:25,830
2022-05-02 17:06:26,830
2022-05-02 17:06:27,830.35
2022-05-02 17:06:28,830.35
2022-05-02 17:06:29,830.35
2022-05-02 17:06:30,830.05
2022-05-02 17:06:31,830.05
2022-05-02 17:06:32,830.35
2022-05-02 17:06:33,830.05
2022-05-02 17:06:34,830.05
2022-05-02 17:06:35,830.05
2022-05-02 17:06:37,830.25
2022-05-02 17:06:38,830.25
2022-05-02 17:06:39,830.25
2022-05-02 17:06:40,830.2
2022-05-02 17:06:41,830.25
2022-05-02 17:06:42,830.2
2022-05-02 17:06:43,830.2
2022-05-02 17:06:44,830.2
2022-05-02 17:06:46,830.25
2022-05-02 17:06:47,830.3
2022-05-02 17:06:48,830.3
2022-05-02 17:06:49,830.25
2022-05-02 17:07:20,830.2
2022-05-02 17:07:21,830.2
2022-05-02 17:07:22,830.2
2022-05-02 17:07:23,830.2
2022-05-02 17:07:24,830.2
2022-05-02 17:07:25,830.2
2022-05-02 17:07:27,830.2
2022-05-02 17:07:28,830.1
2022-05-02 17:07:30,830.1
2022-05-02 17:07:31,830.2
2022-05-02 17:07:32,830.2
2022-05-02 17:07:33,830.2
2022-05-02 17:07:35,830.1
2022-05-02 17:07:36,830.1
2022-05-02 17:07:37,830.1
2022-05-02 17:07:38,830.2
2022-05-02 17:07:39,830.2
2022-05-02 17:07:40,830.2
2022-05-02 17:07:41,830.2
2022-05-02 17:07:43,830.2
2022-05-02 17:07:44,830.2
2022-05-02 17:07:45,830.1
2022-05-02 17:07:46,830.1
2022-05-02 17:07:47,830.15
2022-05-02 17:07:48,830.15
2022-05-02 17:07:49,830.15
2022-05-02 17:08:21,830.1
2022-05-02 17:08:22,830.1
2022-05-02 17:08:23,830.1
2022-05-02 17:08:24,830.05
2022-05-02 17:08:25,830.05
2022-05-02 17:08:26,830.15
2022-05-02 17:08:27,830.05
2022-05-02 17:08:28,830.05
2022-05-02 17:08:30,830.1
2022-05-02 17:08:31,830.1
2022-05-02 17:08:33,830
2022-05-02 17:08:34,830.1
2022-05-02 17:08:35,830
2022-05-02 17:08:36,830.1
2022-05-02 17:08:38,830
2022-05-02 17:08:39,830
2022-05-02 17:08:40,830
2022-05-02 17:08:41,830
2022-05-02 17:08:42,830.2
2022-05-02 17:08:44,830.2
2022-05-02 17:08:45,830.1
2022-05-02 17:08:46,830
2022-05-02 17:08:47,830.1
2022-05-02 17:08:48,830.1
2022-05-02 17:08:49,830.1
2022-05-02 17:08:50,830
2022-05-02 17:09:21,830.9
2022-05-02 17:09:22,830.9
2022-05-02 17:09:23,830.55
2022-05-02 17:09:24,830.55
2022-05-02 17:09:25,830.4
2022-05-02 17:09:26,830.4
2022-05-02 17:09:27,830.8
2022-05-02 17:09:29,830.45
2022-05-02 17:09:31,830.45
2022-05-02 17:09:32,830.8
2022-05-02 17:09:33,830.8
2022-05-02 17:09:34,830.8
2022-05-02 17:09:35,830.8
2022-05-02 17:09:37,830.75
2022-05-02 17:09:38,830.75
2022-05-02 17:09:39,830.75
2022-05-02 17:09:40,830.75
2022-05-02 17:09:41,830.75
2022-05-02 17:09:43,830.55
2022-05-02 17:09:44,830.55
2022-05-02 17:09:45,830.55
2022-05-02 17:09:46,830.3
2022-05-02 17:09:47,830.5
2022-05-02 17:09:48,830
2022-05-02 17:09:49,830
2022-05-02 17:09:50,830.15
2022-05-02 17:09:51,830
2022-05-02 17:09:52,830.15
2022-05-02 17:09:53,830.15
2022-05-02 17:09:54,830.2
2022-05-02 17:09:55,830.15
2022-05-02 17:09:56,830
2022-05-02 17:09:58,830.15
2022-05-02 17:09:59,830
2022-05-02 17:10:00,830.15
2022-05-02 17:10:01,830
2022-05-02 17:10:02,830.75
2022-05-02 17:10:04,830.35
2022-05-02 17:10:05,830.8
2022-05-02 17:10:07,830.7
2022-05-02 17:10:08,830.7
2022-05-02 17:10:09,830.55
2022-05-02 17:10:10,830.7
2022-05-02 17:10:11,830.35
2022-05-02 17:10:12,830.8
2022-05-02 17:10:13,830.8
2022-05-02 17:10:14,830.55
2022-05-02 17:10:15,830.7
2022-05-02 17:10:16,830.7
2022-05-02 17:10:17,830.3
2022-05-02 17:10:19,830.45
2022-05-02 17:10:20,830.55
2022-05-02 17:10:22,830.3
2022-05-02 17:10:23,830.55
2022-05-02 17:10:24,830.3
2022-05-02 17:10:25,830.3
2022-05-02 17:10:26,830.5
2022-05-02 17:10:27,830.5
2022-05-02 17:10:28,830.5
2022-05-02 17:10:29,830.4
2022-05-02 17:10:30,830.3
2022-05-02 17:10:31,830.3
2022-05-02 17:10:33,830.4
2022-05-02 17:10:35,830.4
2022-05-02 17:10:37,830.5
2022-05-02 17:10:38,830.3
2022-05-02 17:10:39,830.4
2022-05-02 17:10:40,830.5
2022-05-02 17:10:41,830.5
2022-05-02 17:10:42,830.4
2022-05-02 17:10:43,830.4
2022-05-02 17:10:45,830.5
2022-05-02 17:10:46,830.45
2022-05-02 17:10:47,830.5
2022-05-02 17:10:49,830.5
2022-05-02 17:11:20,830.5
2022-05-02 17:11:22,830.65
2022-05-02 17:11:23,830.65
2022-05-02 17:11:24,830.5
2022-05-02 17:11:25,830.45
2022-05-02 17:11:26,830.3
2022-05-02 17:11:27,830.5
2022-05-02 17:11:28,830.4
2022-05-02 17:11:29,830.2
2022-05-02 17:11:31,830.5
2022-05-02 17:11:32,830.5
2022-05-02 17:11:33,830.25
2022-05-02 17:11:34,830.55
2022-05-02 17:11:35,830.4
2022-05-02 17:11:36,830.5
2022-05-02 17:11:37,830.5
2022-05-02 17:11:39,830.55
2022-05-02 17:11:40,830.4
2022-05-02 17:11:41,830.4
2022-05-02 17:11:42,830.5
2022-05-02 17:11:43,830.5
2022-05-02 17:11:44,830.5
2022-05-02 17:11:45,830.5
2022-05-02 17:11:46,830.45
2022-05-02 17:11:47,830.6
2022-05-02 17:11:48,830.6
2022-05-02 17:11:49,830.5
2022-05-02 17:12:21,830.35
2022-05-02 17:12:22,830.35
2022-05-02 17:12:23,830.35
2022-05-02 17:12:24,830.35
2022-05-02 17:12:25,830.4
2022-05-02 17:12:26,830.3
2022-05-02 17:12:27,830.4
2022-05-02 17:12:28,830.4
2022-05-02 17:12:30,830.4
2022-05-02 17:12:31,830.4
2022-05-02 17:12:32,830.4
2022-05-02 17:12:33,830.4
2022-05-02 17:12:34,830.4
2022-05-02 17:12:35,830.4
2022-05-02 17:12:36,830.4
2022-05-02 17:12:37,830.3
2022-05-02 17:12:38,830.35
2022-05-02 17:12:40,830.4
2022-05-02 17:12:41,830.4
2022-05-02 17:12:42,830.4
2022-05-02 17:12:43,830.3
2022-05-02 17:12:45,830.4
2022-05-02 17:12:46,830.4
2022-05-02 17:12:47,830.4
2022-05-02 17:12:48,830.3
2022-05-02 17:12:49,830.35
2022-05-02 17:13:21,830.45
2022-05-02 17:13:22,830.45
2022-05-02 17:13:23,830.45
2022-05-02 17:13:24,830.5
2022-05-02 17:13:25,830.4
2022-05-02 17:13:26,830.4
2022-05-02 17:13:27,830.4
2022-05-02 17:13:28,830.35
2022-05-02 17:13:29,830.35
2022-05-02 17:13:30,830.4
2022-05-02 17:13:31,830.4
2022-05-02 17:13:32,830.35
2022-05-02 17:13:34,830.35
2022-05-02 17:13:35,830.3
2022-05-02 17:13:36,830.3
2022-05-02 17:13:37,830.25
2022-05-02 17:13:39,830.4
2022-05-02 17:13:41,830.4
2022-05-02 17:13:42,830.4
2022-05-02 17:13:43,830.4
2022-05-02 17:13:44,830.4
2022-05-02 17:13:45,830.3
2022-05-02 17:13:46,830.4
2022-05-02 17:13:47,830.4
2022-05-02 17:13:48,830.3
2022-05-02 17:13:49,830.3
2022-05-02 17:13:50,830.35
2022-05-02 17:13:51,830.35
2022-05-02 17:13:52,830.35
2022-05-02 17:13:53,830.35
2022-05-02 17:13:54,830.3
2022-05-02 17:13:56,830.3
2022-05-02 17:13:57,830.3
2022-05-02 17:13:58,830.25
2022-05-02 17:13:59,830.3
2022-05-02 17:14:00,830.4
2022-05-02 17:14:01,830.15
2022-05-02 17:14:02,830.25
2022-05-02 17:14:03,830.25
2022-05-02 17:14:04,830.25
2022-05-02 17:14:05,830.3
2022-05-02 17:14:06,830.35
2022-05-02 17:14:07,830.35
2022-05-02 17:14:09,830.2
2022-05-02 17:14:10,830.15
2022-05-02 17:14:11,830.15
2022-05-02 17:14:12,830
2022-05-02 17:14:13,830
2022-05-02 17:14:14,830
2022-05-02 17:14:15,830
2022-05-02 17:14:17,830.15
2022-05-02 17:14:18,830.15
2022-05-02 17:14:19,830.1
2022-05-02 17:14:50,830
2022-05-02 17:14:52,830.05
2022-05-02 17:14:53,830
2022-05-02 17:14:54,830
2022-05-02 17:14:55,830.05
2022-05-02 17:14:56,830.05
2022-05-02 17:14:57,830.05
2022-05-02 17:14:58,830.05
2022-05-02 17:14:59,830
2022-05-02 17:15:00,830.1
2022-05-02 17:15:01,830.15
2022-05-02 17:15:02,830.15
2022-05-02 17:15:03,830
2022-05-02 17:15:04,830
2022-05-02 17:15:05,830
2022-05-02 17:15:06,830
2022-05-02 17:15:07,830.1
2022-05-02 17:15:08,830.1
2022-05-02 17:15:09,830
2022-05-02 17:15:10,830
2022-05-02 17:15:11,830.1
2022-05-02 17:15:12,830.1
2022-05-02 17:15:13,830
2022-05-02 17:15:14,830
2022-05-02 17:15:15,830
2022-05-02 17:15:16,830
2022-05-02 17:15:17,830.4
2022-05-02 17:15:18,830.4
2022-05-02 17:15:20,830.4
2022-05-02 17:15:21,830.4
2022-05-02 17:15:22,830.4
2022-05-02 17:15:23,830.4
2022-05-02 17:15:24,830.05
2022-05-02 17:15:25,830.25
2022-05-02 17:15:26,830.4
2022-05-02 17:15:27,830.1
2022-05-02 17:15:28,830.25
2022-05-02 17:15:29,830.05
2022-05-02 17:15:30,830.4
2022-05-02 17:15:31,830.4
2022-05-02 17:15:32,830.4
2022-05-02 17:15:33,830.05
2022-05-02 17:15:34,830.4
2022-05-02 17:15:35,830.4
2022-05-02 17:15:36,830.25
2022-05-02 17:15:37,830.05
2022-05-02 17:15:38,830.05
2022-05-02 17:15:39,830
2022-05-02 17:15:40,830.4
2022-05-02 17:15:41,830.05
2022-05-02 17:15:42,830
2022-05-02 17:15:43,830
2022-05-02 17:15:44,830.05
2022-05-02 17:15:45,830.4
2022-05-02 17:15:46,830.2
2022-05-02 17:15:47,830.4
2022-05-02 17:15:48,830.4
2022-05-02 17:15:49,830.05
2022-05-02 17:16:20,830
2022-05-02 17:16:21,830
2022-05-02 17:16:22,830.4
2022-05-02 17:16:23,830
2022-05-02 17:16:24,830
2022-05-02 17:16:25,830.2
2022-05-02 17:16:26,830
2022-05-02 17:16:27,830.4
2022-05-02 17:16:28,830
2022-05-02 17:16:29,830
2022-05-02 17:16:31,830.45
2022-05-02 17:16:33,830
2022-05-02 17:16:34,830
2022-05-02 17:16:35,830.4
2022-05-02 17:16:36,830
2022-05-02 17:16:37,830.45
2022-05-02 17:16:38,830.45
2022-05-02 17:16:39,830.4
2022-05-02 17:16:40,830.4
2022-05-02 17:16:41,830
2022-05-02 17:16:42,830
2022-05-02 17:16:43,830
2022-05-02 17:16:44,830
2022-05-02 17:16:45,830
2022-05-02 17:16:47,830
2022-05-02 17:16:48,830.3
2022-05-02 17:17:20,830.4
2022-05-02 17:17:22,830.4
2022-05-02 17:17:23,830.4
2022-05-02 17:17:24,830.4
2022-05-02 17:17:25,830.4
2022-05-02 17:17:26,830.35
2022-05-02 17:17:27,830.4
2022-05-02 17:17:29,830.4
2022-05-02 17:17:30,830.4
2022-05-02 17:17:31,830.4
2022-05-02 17:17:32,830.4
2022-05-02 17:17:33,830.35
2022-05-02 17:17:34,830.4
2022-05-02 17:17:35,830.4
2022-05-02 17:17:37,830.4
2022-05-02 17:17:38,830.35
2022-05-02 17:17:39,830.4
2022-05-02 17:17:40,830.4
2022-05-02 17:17:41,830.5
2022-05-02 17:17:42,830.5
2022-05-02 17:17:43,830.5
2022-05-02 17:17:44,830.3
2022-05-02 17:17:45,830.3
2022-05-02 17:17:46,830.4
2022-05-02 17:17:47,830.35
2022-05-02 17:17:48,830.3
2022-05-02 17:17:49,830.4
2022-05-02 17:18:20,830.35
2022-05-02 17:18:22,830
2022-05-02 17:18:23,830
2022-05-02 17:18:24,830
2022-05-02 17:18:25,830
2022-05-02 17:18:26,830.45
2022-05-02 17:18:27,830.45
2022-05-02 17:18:28,830
2022-05-02 17:18:30,830
2022-05-02 17:18:31,830
2022-05-02 17:18:32,830.05
2022-05-02 17:18:33,830
2022-05-02 17:18:34,830.05
2022-05-02 17:18:35,830
2022-05-02 17:18:36,830.45
2022-05-02 17:18:37,830.45
2022-05-02 17:18:39,830.25
2022-05-02 17:18:40,830.45
2022-05-02 17:18:41,830.05
2022-05-02 17:18:42,830.5
2022-05-02 17:18:43,830.05
2022-05-02 17:18:45,830.45
2022-05-02 17:18:46,830.45
2022-05-02 17:18:48,830.1
2022-05-02 17:18:49,830.1
2022-05-02 17:19:20,830.3
2022-05-02 17:19:21,830.3
2022-05-02 17:19:22,830.3
2022-05-02 17:19:23,830.15
2022-05-02 17:19:24,830.15
2022-05-02 17:19:25,830.3
2022-05-02 17:19:26,830.5
2022-05-02 17:19:28,830.15
2022-05-02 17:19:29,830.2
2022-05-02 17:19:30,830.1
2022-05-02 17:19:31,830.55
2022-05-02 17:19:32,830.5
2022-05-02 17:19:33,830.5
2022-05-02 17:19:34,830.5
2022-05-02 17:19:36,830.5
2022-05-02 17:19:38,830.45
2022-05-02 17:19:39,830.45
2022-05-02 17:19:40,830.45
2022-05-02 17:19:42,830.5
2022-05-02 17:19:43,830.5
2022-05-02 17:19:44,830.5
2022-05-02 17:19:45,830.2
2022-05-02 17:19:46,830.5
2022-05-02 17:19:47,830.5
2022-05-02 17:19:48,830.2
2022-05-02 17:20:23,830.45
2022-05-02 17:20:29,830.35
2022-05-02 17:20:35,830.45
2022-05-02 17:20:40,830.45
2022-05-02 17:20:46,830.6
2022-05-02 17:21:22,830.7
2022-05-02 17:21:28,830.2
2022-05-02 17:21:34,830.1
2022-05-02 17:21:40,830.1
2022-05-02 17:21:45,830.1
2022-05-02 17:22:20,830.5
2022-05-02 17:22:26,830.5
2022-05-02 17:22:31,830.45
2022-05-02 17:22:37,830.5
2022-05-02 17:22:42,830.5
2022-05-02 17:22:48,830.45
2022-05-02 17:23:21,830.45
2022-05-02 17:23:27,830.1
2022-05-02 17:23:33,830.6
2022-05-02 17:23:39,830.65
2022-05-02 17:23:45,830.55
2022-05-02 17:24:20,830.25
2022-05-02 17:24:26,830.15
2022-05-02 17:24:31,830.15
2022-05-02 17:24:37,830.15
2022-05-02 17:24:43,830.25
2022-05-02 17:24:48,830.2
2022-05-02 17:24:54,830.2
2022-05-02 17:24:59,830.2
2022-05-02 17:25:05,830.1
2022-05-02 17:25:09,830
2022-05-02 17:25:10,830.1
2022-05-02 17:25:11,830
2022-05-02 17:25:12,830.05
2022-05-02 17:25:13,830.05
2022-05-02 17:25:14,830.05
2022-05-02 17:25:15,830.05
2022-05-02 17:25:16,830.05
2022-05-02 17:25:17,830.05
2022-05-02 17:25:18,830
2022-05-02 17:25:19,830.05
2022-05-02 17:25:51,830.2
2022-05-02 17:25:52,830.2
2022-05-02 17:25:53,830
2022-05-02 17:25:54,830
2022-05-02 17:25:55,830.2
2022-05-02 17:25:56,830
2022-05-02 17:25:57,830.2
2022-05-02 17:25:58,830.15
2022-05-02 17:25:59,830.15
2022-05-02 17:26:00,830.2
2022-05-02 17:26:01,830.2
2022-05-02 17:26:02,830.2
2022-05-02 17:26:03,830.2
2022-05-02 17:26:04,830
2022-05-02 17:26:05,830.2
2022-05-02 17:26:06,830
2022-05-02 17:26:08,830.05
2022-05-02 17:26:09,830.05
2022-05-02 17:26:10,830.05
2022-05-02 17:26:11,830.05
2022-05-02 17:26:12,830.05
2022-05-02 17:26:13,830.05
2022-05-02 17:26:14,830
2022-05-02 17:26:15,830.05
2022-05-02 17:26:17,830.05
2022-05-02 17:26:18,830
2022-05-02 17:26:19,830.05
2022-05-02 17:26:20,830.05
2022-05-02 17:26:21,830
2022-05-02 17:26:22,830.05
2022-05-02 17:26:23,830.05
2022-05-02 17:26:24,830.05
2022-05-02 17:26:25,830.05
2022-05-02 17:26:26,830.2
2022-05-02 17:26:27,830.05
2022-05-02 17:26:28,830.05
2022-05-02 17:26:29,830.15
2022-05-02 17:26:30,830.05
2022-05-02 17:26:32,830.05
2022-05-02 17:26:34,830
2022-05-02 17:26:35,830.05
2022-05-02 17:26:36,830.05
2022-05-02 17:26:37,830.05
2022-05-02 17:26:38,830.05
2022-05-02 17:26:39,830.05
2022-05-02 17:26:40,830.05
2022-05-02 17:26:41,830.05
2022-05-02 17:26:42,830.05
2022-05-02 17:26:43,830
2022-05-02 17:26:44,830.05
2022-05-02 17:26:45,830.05
2022-05-02 17:26:46,830.05
2022-05-02 17:26:47,830.05
2022-05-02 17:26:48,830.05
2022-05-02 17:26:49,830.05
2022-05-02 17:27:20,830
2022-05-02 17:27:21,830
2022-05-02 17:27:22,830.05
2022-05-02 17:27:23,830
2022-05-02 17:27:24,830.05
2022-05-02 17:27:25,830.1
2022-05-02 17:27:26,830.1
2022-05-02 17:27:28,830.15
2022-05-02 17:27:29,830.15
2022-05-02 17:27:30,830.15
2022-05-02 17:27:31,830.15
2022-05-02 17:27:32,830.2
2022-05-02 17:27:33,830.5
2022-05-02 17:27:34,830
2022-05-02 17:27:35,830
2022-05-02 17:27:36,830.4
2022-05-02 17:27:37,830
2022-05-02 17:27:39,830.05
2022-05-02 17:27:40,830.2
2022-05-02 17:27:41,830.2
2022-05-02 17:27:42,830.35
2022-05-02 17:27:43,830.35
2022-05-02 17:27:44,830.5
2022-05-02 17:27:45,830.5
2022-05-02 17:27:47,830.45
2022-05-02 17:27:48,830.5
2022-05-02 17:27:49,830.25
2022-05-02 17:27:50,830.5
2022-05-02 17:27:51,830.55
2022-05-02 17:27:52,830.45
2022-05-02 17:27:53,830.7
2022-05-02 17:27:54,831
2022-05-02 17:27:55,830.35
2022-05-02 17:27:56,830.25
2022-05-02 17:27:57,830.25
2022-05-02 17:27:58,830.25
2022-05-02 17:27:59,830.25
2022-05-02 17:28:00,830.7
2022-05-02 17:28:01,830.55
2022-05-02 17:28:02,830.8
2022-05-02 17:28:03,830.8
2022-05-02 17:28:04,830.3
2022-05-02 17:28:05,830.35
2022-05-02 17:28:06,830.25
2022-05-02 17:28:07,830.35
2022-05-02 17:28:08,830.25
2022-05-02 17:28:09,830.35
2022-05-02 17:28:10,830.35
2022-05-02 17:28:11,830.25
2022-05-02 17:28:12,830.35
2022-05-02 17:28:13,830.15
2022-05-02 17:28:14,830.35
2022-05-02 17:28:15,830.05
2022-05-02 17:28:16,830.35
2022-05-02 17:28:17,830.35
2022-05-02 17:28:18,830.05
2022-05-02 17:28:19,830.05
2022-05-02 17:28:20,830.05
2022-05-02 17:28:21,830.05
2022-05-02 17:28:22,830.05
2022-05-02 17:28:23,830.05
2022-05-02 17:28:24,830
2022-05-02 17:28:25,830
2022-05-02 17:28:27,830
2022-05-02 17:28:28,830
2022-05-02 17:28:29,830
2022-05-02 17:28:30,830
2022-05-02 17:28:31,830.05
2022-05-02 17:28:32,830.2
2022-05-02 17:28:33,830.2
2022-05-02 17:28:34,830.2
2022-05-02 17:28:35,830.2
2022-05-02 17:28:36,830.2
2022-05-02 17:28:37,830.2
2022-05-02 17:28:38,830.05
2022-05-02 17:28:39,830
2022-05-02 17:28:40,830
2022-05-02 17:28:41,830
2022-05-02 17:28:42,830.05
2022-05-02 17:28:43,830.05
2022-05-02 17:28:44,830.05
2022-05-02 17:28:45,830.05
2022-05-02 17:28:46,830.05
2022-05-02 17:28:47,830.05
2022-05-02 17:28:48,829.9
2022-05-02 17:28:49,829.9
2022-05-02 17:28:50,829.85
2022-05-02 17:29:20,830
2022-05-02 17:29:21,830
2022-05-02 17:29:22,830
2022-05-02 17:29:23,830
2022-05-02 17:29:24,830.2
2022-05-02 17:29:25,830.2
2022-05-02 17:29:26,830.2
2022-05-02 17:29:27,830
2022-05-02 17:29:28,830
2022-05-02 17:29:29,830
2022-05-02 17:29:30,830
2022-05-02 17:29:31,830.2
2022-05-02 17:29:32,830
2022-05-02 17:29:33,830
2022-05-02 17:29:34,830
2022-05-02 17:29:35,830
2022-05-02 17:29:36,830
2022-05-02 17:29:37,830.2
2022-05-02 17:29:38,830
2022-05-02 17:29:39,830.2
2022-05-02 17:29:40,830
2022-05-02 17:29:41,830
2022-05-02 17:29:42,830.2
2022-05-02 17:29:43,830
2022-05-02 17:29:44,830
2022-05-02 17:29:45,830.2
2022-05-02 17:29:46,830
2022-05-02 17:29:47,830
2022-05-02 17:29:48,830
2022-05-02 17:29:49,830
2022-05-02 17:40:00,830.25
2022-05-02 17:40:01,830.25
2022-05-02 17:40:02,830.25
2022-05-02 17:40:04,830.25
2022-05-02 17:40:05,830.25
2022-05-02 17:40:07,830.25
2022-05-02 17:40:09,830.25
2022-05-02 17:40:18,830.25
2022-05-02 17:41:56,830.25
2022-05-02 17:42:00,830.25
2022-05-02 17:42:22,830.25
2022-05-02 17:42:23,830.25
2022-05-02 17:42:27,830.25
2022-05-02 17:42:50,830.25
2022-05-02 17:43:34,830.25
2022-05-02 17:43:42,830.25
2022-05-02 17:43:44,830.25
2022-05-02 17:43:57,830.25
2022-05-02 17:44:03,830.25
2022-05-02 17:46:02,830.25
2022-05-02 17:46:26,830.25
2022-05-02 17:46:46,830.25
2022-05-02 17:46:47,830.25
2022-05-02 17:47:03,830.25
2022-05-02 17:47:22,830.25
2022-05-02 17:47:50,830.25
2022-05-02 17:50:59,830.25
2022-05-02 17:52:24,830.25
2022-05-02 17:52:42,830.25
2022-05-02 17:53:33,830.25
2022-05-02 17:53:49,830.25
2022-05-02 17:53:58,830.25
2022-05-02 17:55:16,830.25
2022-05-02 17:55:36,830.25
2022-05-02 17:56:50,830.25
2022-05-02 17:57:35,830.25
2022-05-02 17:58:08,830.25
2022-05-02 17:58:20,830.25
2022-05-02 17:59:11,830.25
